0.02;0.34;0.10;387
0.02;0.32;0.10;374
0.02;0.30;0.10;375
0.02;0.28;0.10;377
0.02;0.26;0.10;379
0.02;0.24;0.10;380
0.02;0.22;0.10;382
0.02;0.20;0.10;383
0.02;0.18;0.10;385
0.02;0.16;0.10;386
0.02;0.14;0.10;388
0.02;0.12;0.10;389
0.02;0.10;0.10;391
0.02;0.08;0.10;392
0.02;0.06;0.10;394
0.02;0.04;0.10;395
0.02;0.02;0.10;482
0.02;0.32;0.12;402
0.02;0.30;0.12;336
0.02;0.28;0.12;308
0.02;0.26;0.12;291
0.02;0.24;0.12;278
0.02;0.22;0.12;267
0.02;0.20;0.12;259
0.02;0.18;0.12;252
0.02;0.16;0.12;245
0.02;0.14;0.12;239
0.02;0.12;0.12;234
0.02;0.10;0.12;229
0.02;0.08;0.12;225
0.02;0.06;0.12;225
0.02;0.04;0.12;225
0.02;0.02;0.12;232
0.02;0.30;0.14;383
0.02;0.28;0.14;335
0.02;0.26;0.14;311
0.02;0.24;0.14;295
0.02;0.22;0.14;283
0.02;0.20;0.14;274
0.02;0.18;0.14;266
0.02;0.16;0.14;259
0.02;0.14;0.14;253
0.02;0.12;0.14;248
0.02;0.10;0.14;242
0.02;0.08;0.14;238
0.02;0.06;0.14;233
0.02;0.04;0.14;229
0.02;0.02;0.14;225
0.02;0.28;0.16;366
0.02;0.26;0.16;331
0.02;0.24;0.16;311
0.02;0.22;0.16;297
0.02;0.20;0.16;287
0.02;0.18;0.16;278
0.02;0.16;0.16;271
0.02;0.14;0.16;265
0.02;0.12;0.16;259
0.02;0.10;0.16;254
0.02;0.08;0.16;249
0.02;0.06;0.16;245
0.02;0.04;0.16;241
0.02;0.02;0.16;237
0.02;0.26;0.18;374
0.02;0.24;0.18;335
0.02;0.22;0.18;314
0.02;0.20;0.18;300
0.02;0.18;0.18;290
0.02;0.16;0.18;282
0.02;0.14;0.18;275
0.02;0.12;0.18;270
0.02;0.10;0.18;265
0.02;0.08;0.18;260
0.02;0.06;0.18;256
0.02;0.04;0.18;252
0.02;0.02;0.18;248
0.02;0.24;0.20;439
0.02;0.22;0.20;360
0.02;0.20;0.20;332
0.02;0.18;0.20;315
0.02;0.16;0.20;302
0.02;0.14;0.20;293
0.02;0.12;0.20;285
0.02;0.10;0.20;279
0.02;0.08;0.20;273
0.02;0.06;0.20;269
0.02;0.04;0.20;264
0.02;0.02;0.20;260
0.02;0.20;0.22;417
0.02;0.18;0.22;361
0.02;0.16;0.22;336
0.02;0.14;0.22;320
0.02;0.12;0.22;309
0.02;0.10;0.22;300
0.02;0.08;0.22;293
0.02;0.06;0.22;287
0.02;0.04;0.22;282
0.02;0.02;0.22;278
0.02;0.16;0.24;450
0.02;0.14;0.24;377
0.02;0.12;0.24;350
0.02;0.10;0.24;333
0.02;0.08;0.24;322
0.02;0.06;0.24;313
0.02;0.04;0.24;306
0.02;0.02;0.24;300
0.02;0.10;0.26;447
0.02;0.08;0.26;388
0.02;0.06;0.26;364
0.02;0.04;0.26;349
0.02;0.02;0.26;339
0.04;0.36;0.10;366
0.04;0.34;0.10;361
0.04;0.32;0.10;362
0.04;0.30;0.10;362
0.04;0.28;0.10;363
0.04;0.26;0.10;363
0.04;0.24;0.10;364
0.04;0.22;0.10;365
0.04;0.20;0.10;365
0.04;0.18;0.10;365
0.04;0.16;0.10;366
0.04;0.14;0.10;366
0.04;0.12;0.10;367
0.04;0.10;0.10;367
0.04;0.08;0.10;368
0.04;0.06;0.10;368
0.04;0.04;0.10;369
0.04;0.02;0.10;506
0.04;0.34;0.12;375
0.04;0.32;0.12;328
0.04;0.30;0.12;305
0.04;0.28;0.12;289
0.04;0.26;0.12;277
0.04;0.24;0.12;268
0.04;0.22;0.12;260
0.04;0.20;0.12;253
0.04;0.18;0.12;246
0.04;0.16;0.12;241
0.04;0.14;0.12;236
0.04;0.12;0.12;231
0.04;0.10;0.12;227
0.04;0.08;0.12;224
0.04;0.06;0.12;224
0.04;0.04;0.12;224
0.04;0.02;0.12;230
0.04;0.32;0.14;367
0.04;0.30;0.14;329
0.04;0.28;0.14;308
0.04;0.26;0.14;294
0.04;0.24;0.14;283
0.04;0.22;0.14;274
0.04;0.20;0.14;266
0.04;0.18;0.14;260
0.04;0.16;0.14;254
0.04;0.14;0.14;249
0.04;0.12;0.14;244
0.04;0.10;0.14;240
0.04;0.08;0.14;236
0.04;0.06;0.14;232
0.04;0.04;0.14;228
0.04;0.02;0.14;224
0.04;0.30;0.16;364
0.04;0.28;0.16;329
0.04;0.26;0.16;310
0.04;0.24;0.16;297
0.04;0.22;0.16;287
0.04;0.20;0.16;279
0.04;0.18;0.16;272
0.04;0.16;0.16;266
0.04;0.14;0.16;260
0.04;0.12;0.16;256
0.04;0.10;0.16;251
0.04;0.08;0.16;247
0.04;0.06;0.16;243
0.04;0.04;0.16;240
0.04;0.02;0.16;236
0.04;0.28;0.18;414
0.04;0.26;0.18;350
0.04;0.24;0.18;324
0.04;0.22;0.18;308
0.04;0.20;0.18;296
0.04;0.18;0.18;286
0.04;0.16;0.18;279
0.04;0.14;0.18;272
0.04;0.12;0.18;267
0.04;0.10;0.18;262
0.04;0.08;0.18;258
0.04;0.06;0.18;254
0.04;0.04;0.18;251
0.04;0.02;0.18;247
0.04;0.24;0.20;392
0.04;0.22;0.20;348
0.04;0.20;0.20;326
0.04;0.18;0.20;311
0.04;0.16;0.20;301
0.04;0.14;0.20;292
0.04;0.12;0.20;285
0.04;0.10;0.20;279
0.04;0.08;0.20;274
0.04;0.06;0.20;270
0.04;0.04;0.20;266
0.04;0.02;0.20;262
0.04;0.20;0.22;398
0.04;0.18;0.22;356
0.04;0.16;0.22;334
0.04;0.14;0.22;320
0.04;0.12;0.22;310
0.04;0.10;0.22;302
0.04;0.08;0.22;295
0.04;0.06;0.22;290
0.04;0.04;0.22;285
0.04;0.02;0.22;281
0.04;0.16;0.24;455
0.04;0.14;0.24;382
0.04;0.12;0.24;355
0.04;0.10;0.24;339
0.04;0.08;0.24;328
0.04;0.06;0.24;319
0.04;0.04;0.24;313
0.04;0.02;0.24;307
0.04;0.08;0.26;424
0.04;0.06;0.26;387
0.04;0.04;0.26;369
0.04;0.02;0.26;357
0.06;0.38;0.10;362
0.06;0.36;0.10;353
0.06;0.34;0.10;353
0.06;0.32;0.10;354
0.06;0.30;0.10;354
0.06;0.28;0.10;354
0.06;0.26;0.10;354
0.06;0.24;0.10;354
0.06;0.22;0.10;354
0.06;0.20;0.10;354
0.06;0.18;0.10;354
0.06;0.16;0.10;354
0.06;0.14;0.10;354
0.06;0.12;0.10;354
0.06;0.10;0.10;353
0.06;0.08;0.10;353
0.06;0.06;0.10;356
0.06;0.04;0.10;369
0.06;0.02;0.10;521
0.06;0.36;0.12;366
0.06;0.34;0.12;326
0.06;0.32;0.12;305
0.06;0.30;0.12;290
0.06;0.28;0.12;278
0.06;0.26;0.12;269
0.06;0.24;0.12;261
0.06;0.22;0.12;255
0.06;0.20;0.12;249
0.06;0.18;0.12;243
0.06;0.16;0.12;238
0.06;0.14;0.12;234
0.06;0.12;0.12;230
0.06;0.10;0.12;226
0.06;0.08;0.12;224
0.06;0.06;0.12;224
0.06;0.04;0.12;224
0.06;0.02;0.12;229
0.06;0.36;0.14;731
0.06;0.34;0.14;362
0.06;0.32;0.14;328
0.06;0.30;0.14;308
0.06;0.28;0.14;294
0.06;0.26;0.14;284
0.06;0.24;0.14;275
0.06;0.22;0.14;268
0.06;0.20;0.14;262
0.06;0.18;0.14;256
0.06;0.16;0.14;251
0.06;0.14;0.14;247
0.06;0.12;0.14;242
0.06;0.10;0.14;238
0.06;0.08;0.14;235
0.06;0.06;0.14;231
0.06;0.04;0.14;227
0.06;0.02;0.14;224
0.06;0.32;0.16;397
0.06;0.30;0.16;342
0.06;0.28;0.16;317
0.06;0.26;0.16;301
0.06;0.24;0.16;289
0.06;0.22;0.16;280
0.06;0.20;0.16;273
0.06;0.18;0.16;268
0.06;0.16;0.16;262
0.06;0.14;0.16;258
0.06;0.12;0.16;254
0.06;0.10;0.16;250
0.06;0.08;0.16;246
0.06;0.06;0.16;243
0.06;0.04;0.16;239
0.06;0.02;0.16;236
0.06;0.28;0.18;376
0.06;0.26;0.18;338
0.06;0.24;0.18;318
0.06;0.22;0.18;304
0.06;0.20;0.18;293
0.06;0.18;0.18;285
0.06;0.16;0.18;278
0.06;0.14;0.18;272
0.06;0.12;0.18;267
0.06;0.10;0.18;263
0.06;0.08;0.18;259
0.06;0.06;0.18;255
0.06;0.04;0.18;251
0.06;0.02;0.18;248
0.06;0.26;0.20;543
0.06;0.24;0.20;374
0.06;0.22;0.20;342
0.06;0.20;0.20;323
0.06;0.18;0.20;310
0.06;0.16;0.20;301
0.06;0.14;0.20;293
0.06;0.12;0.20;286
0.06;0.10;0.20;281
0.06;0.08;0.20;276
0.06;0.06;0.20;272
0.06;0.04;0.20;269
0.06;0.02;0.20;265
0.06;0.20;0.22;392
0.06;0.18;0.22;356
0.06;0.16;0.22;336
0.06;0.14;0.22;323
0.06;0.12;0.22;313
0.06;0.10;0.22;306
0.06;0.08;0.22;299
0.06;0.06;0.22;294
0.06;0.04;0.22;290
0.06;0.02;0.22;286
0.06;0.16;0.24;505
0.06;0.14;0.24;395
0.06;0.12;0.24;366
0.06;0.10;0.24;349
0.06;0.08;0.24;337
0.06;0.06;0.24;329
0.06;0.04;0.24;322
0.06;0.02;0.24;317
0.06;0.06;0.26;454
0.06;0.04;0.26;412
0.06;0.02;0.26;392
0.08;0.40;0.10;362
0.08;0.38;0.10;349
0.08;0.36;0.10;348
0.08;0.34;0.10;348
0.08;0.32;0.10;348
0.08;0.30;0.10;348
0.08;0.28;0.10;347
0.08;0.26;0.10;347
0.08;0.24;0.10;347
0.08;0.22;0.10;346
0.08;0.20;0.10;346
0.08;0.18;0.10;346
0.08;0.16;0.10;345
0.08;0.14;0.10;345
0.08;0.12;0.10;345
0.08;0.10;0.10;344
0.08;0.08;0.10;347
0.08;0.06;0.10;351
0.08;0.04;0.10;369
0.08;0.02;0.10;516
0.08;0.38;0.12;364
0.08;0.36;0.12;326
0.08;0.34;0.12;306
0.08;0.32;0.12;291
0.08;0.30;0.12;280
0.08;0.28;0.12;271
0.08;0.26;0.12;264
0.08;0.24;0.12;257
0.08;0.22;0.12;252
0.08;0.20;0.12;246
0.08;0.18;0.12;242
0.08;0.16;0.12;237
0.08;0.14;0.12;233
0.08;0.12;0.12;229
0.08;0.10;0.12;225
0.08;0.08;0.12;223
0.08;0.06;0.12;223
0.08;0.04;0.12;223
0.08;0.02;0.12;227
0.08;0.36;0.14;382
0.08;0.34;0.14;334
0.08;0.32;0.14;310
0.08;0.30;0.14;296
0.08;0.28;0.14;285
0.08;0.26;0.14;277
0.08;0.24;0.14;270
0.08;0.22;0.14;264
0.08;0.20;0.14;259
0.08;0.18;0.14;254
0.08;0.16;0.14;249
0.08;0.14;0.14;245
0.08;0.12;0.14;242
0.08;0.10;0.14;238
0.08;0.08;0.14;235
0.08;0.06;0.14;231
0.08;0.04;0.14;228
0.08;0.02;0.14;224
0.08;0.32;0.16;364
0.08;0.30;0.16;330
0.08;0.28;0.16;311
0.08;0.26;0.16;297
0.08;0.24;0.16;287
0.08;0.22;0.16;279
0.08;0.20;0.16;272
0.08;0.18;0.16;266
0.08;0.16;0.16;261
0.08;0.14;0.16;257
0.08;0.12;0.16;253
0.08;0.10;0.16;249
0.08;0.08;0.16;246
0.08;0.06;0.16;243
0.08;0.04;0.16;240
0.08;0.02;0.16;237
0.08;0.30;0.18;436
0.08;0.28;0.18;359
0.08;0.26;0.18;331
0.08;0.24;0.18;314
0.08;0.22;0.18;302
0.08;0.20;0.18;293
0.08;0.18;0.18;285
0.08;0.16;0.18;279
0.08;0.14;0.18;273
0.08;0.12;0.18;269
0.08;0.10;0.18;265
0.08;0.08;0.18;261
0.08;0.06;0.18;257
0.08;0.04;0.18;254
0.08;0.02;0.18;251
0.08;0.26;0.20;438
0.08;0.24;0.20;366
0.08;0.22;0.20;339
0.08;0.20;0.20;323
0.08;0.18;0.20;311
0.08;0.16;0.20;302
0.08;0.14;0.20;295
0.08;0.12;0.20;289
0.08;0.10;0.20;284
0.08;0.08;0.20;280
0.08;0.06;0.20;276
0.08;0.04;0.20;272
0.08;0.02;0.20;269
0.08;0.20;0.22;394
0.08;0.18;0.22;359
0.08;0.16;0.22;340
0.08;0.14;0.22;328
0.08;0.12;0.22;318
0.08;0.10;0.22;311
0.08;0.08;0.22;305
0.08;0.06;0.22;301
0.08;0.04;0.22;296
0.08;0.02;0.22;293
0.08;0.14;0.24;426
0.08;0.12;0.24;385
0.08;0.10;0.24;365
0.08;0.08;0.24;352
0.08;0.06;0.24;343
0.08;0.04;0.24;336
0.08;0.02;0.24;331
0.10;0.42;0.10;364
0.10;0.40;0.10;345
0.10;0.38;0.10;345
0.10;0.36;0.10;345
0.10;0.34;0.10;344
0.10;0.32;0.10;344
0.10;0.30;0.10;343
0.10;0.28;0.10;343
0.10;0.26;0.10;342
0.10;0.24;0.10;342
0.10;0.22;0.10;341
0.10;0.20;0.10;341
0.10;0.18;0.10;340
0.10;0.16;0.10;340
0.10;0.14;0.10;339
0.10;0.12;0.10;339
0.10;0.10;0.10;339
0.10;0.08;0.10;344
0.10;0.06;0.10;348
0.10;0.04;0.10;369
0.10;0.02;0.10;502
0.10;0.40;0.12;369
0.10;0.38;0.12;328
0.10;0.36;0.12;307
0.10;0.34;0.12;293
0.10;0.32;0.12;283
0.10;0.30;0.12;274
0.10;0.28;0.12;266
0.10;0.26;0.12;260
0.10;0.24;0.12;255
0.10;0.22;0.12;250
0.10;0.20;0.12;245
0.10;0.18;0.12;241
0.10;0.16;0.12;237
0.10;0.14;0.12;233
0.10;0.12;0.12;229
0.10;0.10;0.12;226
0.10;0.08;0.12;223
0.10;0.06;0.12;223
0.10;0.04;0.12;223
0.10;0.02;0.12;226
0.10;0.38;0.14;466
0.10;0.36;0.14;354
0.10;0.34;0.14;323
0.10;0.32;0.14;304
0.10;0.30;0.14;291
0.10;0.28;0.14;281
0.10;0.26;0.14;272
0.10;0.24;0.14;266
0.10;0.22;0.14;261
0.10;0.20;0.14;257
0.10;0.18;0.14;252
0.10;0.16;0.14;249
0.10;0.14;0.14;245
0.10;0.12;0.14;242
0.10;0.10;0.14;238
0.10;0.08;0.14;235
0.10;0.06;0.14;232
0.10;0.04;0.14;229
0.10;0.02;0.14;226
0.10;0.34;0.16;406
0.10;0.32;0.16;348
0.10;0.30;0.16;323
0.10;0.28;0.16;307
0.10;0.26;0.16;295
0.10;0.24;0.16;286
0.10;0.22;0.16;278
0.10;0.20;0.16;272
0.10;0.18;0.16;267
0.10;0.16;0.16;262
0.10;0.14;0.16;258
0.10;0.12;0.16;254
0.10;0.10;0.16;250
0.10;0.08;0.16;247
0.10;0.06;0.16;244
0.10;0.04;0.16;241
0.10;0.02;0.16;238
0.10;0.30;0.18;397
0.10;0.28;0.18;350
0.10;0.26;0.18;328
0.10;0.24;0.18;313
0.10;0.22;0.18;302
0.10;0.20;0.18;293
0.10;0.18;0.18;286
0.10;0.16;0.18;281
0.10;0.14;0.18;276
0.10;0.12;0.18;271
0.10;0.10;0.18;267
0.10;0.08;0.18;264
0.10;0.06;0.18;261
0.10;0.04;0.18;258
0.10;0.02;0.18;254
0.10;0.26;0.20;416
0.10;0.24;0.20;363
0.10;0.22;0.20;339
0.10;0.20;0.20;324
0.10;0.18;0.20;314
0.10;0.16;0.20;305
0.10;0.14;0.20;299
0.10;0.12;0.20;293
0.10;0.10;0.20;288
0.10;0.08;0.20;284
0.10;0.06;0.20;281
0.10;0.04;0.20;278
0.10;0.02;0.20;275
0.10;0.20;0.22;404
0.10;0.18;0.22;367
0.10;0.16;0.22;348
0.10;0.14;0.22;335
0.10;0.12;0.22;326
0.10;0.10;0.22;319
0.10;0.08;0.22;314
0.10;0.06;0.22;309
0.10;0.04;0.22;305
0.10;0.02;0.22;302
0.10;0.12;0.24;430
0.10;0.10;0.24;396
0.10;0.08;0.24;379
0.10;0.06;0.24;368
0.10;0.04;0.24;360
0.10;0.02;0.24;355
0.12;0.44;0.10;377
0.12;0.42;0.10;344
0.12;0.40;0.10;343
0.12;0.38;0.10;342
0.12;0.36;0.10;342
0.12;0.34;0.10;341
0.12;0.32;0.10;340
0.12;0.30;0.10;340
0.12;0.28;0.10;339
0.12;0.26;0.10;339
0.12;0.24;0.10;338
0.12;0.22;0.10;337
0.12;0.20;0.10;337
0.12;0.18;0.10;336
0.12;0.16;0.10;335
0.12;0.14;0.10;335
0.12;0.12;0.10;334
0.12;0.10;0.10;337
0.12;0.08;0.10;341
0.12;0.06;0.10;346
0.12;0.04;0.10;369
0.12;0.02;0.10;516
0.12;0.42;0.12;425
0.12;0.40;0.12;344
0.12;0.38;0.12;315
0.12;0.36;0.12;297
0.12;0.34;0.12;285
0.12;0.32;0.12;276
0.12;0.30;0.12;269
0.12;0.28;0.12;263
0.12;0.26;0.12;258
0.12;0.24;0.12;253
0.12;0.22;0.12;248
0.12;0.20;0.12;244
0.12;0.18;0.12;241
0.12;0.16;0.12;237
0.12;0.14;0.12;233
0.12;0.12;0.12;230
0.12;0.10;0.12;227
0.12;0.08;0.12;224
0.12;0.06;0.12;223
0.12;0.04;0.12;223
0.12;0.02;0.12;226
0.12;0.38;0.14;387
0.12;0.36;0.14;339
0.12;0.34;0.14;315
0.12;0.32;0.14;300
0.12;0.30;0.14;288
0.12;0.28;0.14;279
0.12;0.26;0.14;272
0.12;0.24;0.14;266
0.12;0.22;0.14;260
0.12;0.20;0.14;256
0.12;0.18;0.14;252
0.12;0.16;0.14;248
0.12;0.14;0.14;245
0.12;0.12;0.14;242
0.12;0.10;0.14;239
0.12;0.08;0.14;236
0.12;0.06;0.14;233
0.12;0.04;0.14;230
0.12;0.02;0.14;227
0.12;0.34;0.16;376
0.12;0.32;0.16;338
0.12;0.30;0.16;318
0.12;0.28;0.16;304
0.12;0.26;0.16;294
0.12;0.24;0.16;286
0.12;0.22;0.16;279
0.12;0.20;0.16;273
0.12;0.18;0.16;268
0.12;0.16;0.16;264
0.12;0.14;0.16;260
0.12;0.12;0.16;256
0.12;0.10;0.16;253
0.12;0.08;0.16;250
0.12;0.06;0.16;247
0.12;0.04;0.16;244
0.12;0.02;0.16;241
0.12;0.30;0.18;380
0.12;0.28;0.18;345
0.12;0.26;0.18;326
0.12;0.24;0.18;313
0.12;0.22;0.18;303
0.12;0.20;0.18;295
0.12;0.18;0.18;289
0.12;0.16;0.18;283
0.12;0.14;0.18;279
0.12;0.12;0.18;275
0.12;0.10;0.18;271
0.12;0.08;0.18;268
0.12;0.06;0.18;265
0.12;0.04;0.18;262
0.12;0.02;0.18;259
0.12;0.26;0.20;409
0.12;0.24;0.20;364
0.12;0.22;0.20;342
0.12;0.20;0.20;328
0.12;0.18;0.20;318
0.12;0.16;0.20;310
0.12;0.14;0.20;304
0.12;0.12;0.20;299
0.12;0.10;0.20;294
0.12;0.08;0.20;291
0.12;0.06;0.20;287
0.12;0.04;0.20;285
0.12;0.02;0.20;282
0.12;0.20;0.22;426
0.12;0.18;0.22;382
0.12;0.16;0.22;361
0.12;0.14;0.22;347
0.12;0.12;0.22;338
0.12;0.10;0.22;331
0.12;0.08;0.22;326
0.12;0.06;0.22;322
0.12;0.04;0.22;318
0.12;0.02;0.22;316
0.12;0.10;0.24;740
0.12;0.08;0.24;460
0.12;0.06;0.24;433
0.12;0.04;0.24;420
0.12;0.02;0.24;413
0.14;0.46;0.10;406
0.14;0.44;0.10;343
0.14;0.42;0.10;342
0.14;0.40;0.10;341
0.14;0.38;0.10;340
0.14;0.36;0.10;340
0.14;0.34;0.10;339
0.14;0.32;0.10;338
0.14;0.30;0.10;337
0.14;0.28;0.10;337
0.14;0.26;0.10;336
0.14;0.24;0.10;335
0.14;0.22;0.10;335
0.14;0.20;0.10;334
0.14;0.18;0.10;333
0.14;0.16;0.10;332
0.14;0.14;0.10;332
0.14;0.12;0.10;331
0.14;0.10;0.10;335
0.14;0.08;0.10;340
0.14;0.06;0.10;345
0.14;0.04;0.10;368
0.14;0.02;0.10;524
0.14;0.42;0.12;372
0.14;0.40;0.12;330
0.14;0.38;0.12;308
0.14;0.36;0.12;293
0.14;0.34;0.12;282
0.14;0.32;0.12;273
0.14;0.30;0.12;266
0.14;0.28;0.12;260
0.14;0.26;0.12;256
0.14;0.24;0.12;252
0.14;0.22;0.12;248
0.14;0.20;0.12;244
0.14;0.18;0.12;241
0.14;0.16;0.12;238
0.14;0.14;0.12;234
0.14;0.12;0.12;231
0.14;0.10;0.12;228
0.14;0.08;0.12;225
0.14;0.06;0.12;222
0.14;0.04;0.12;224
0.14;0.02;0.12;226
0.14;0.40;0.14;497
0.14;0.38;0.14;361
0.14;0.36;0.14;329
0.14;0.34;0.14;310
0.14;0.32;0.14;297
0.14;0.30;0.14;287
0.14;0.28;0.14;279
0.14;0.26;0.14;272
0.14;0.24;0.14;266
0.14;0.22;0.14;261
0.14;0.20;0.14;257
0.14;0.18;0.14;253
0.14;0.16;0.14;249
0.14;0.14;0.14;246
0.14;0.12;0.14;243
0.14;0.10;0.14;241
0.14;0.08;0.14;238
0.14;0.06;0.14;235
0.14;0.04;0.14;233
0.14;0.02;0.14;230
0.14;0.36;0.16;438
0.14;0.34;0.16;360
0.14;0.32;0.16;332
0.14;0.30;0.16;315
0.14;0.28;0.16;303
0.14;0.26;0.16;294
0.14;0.24;0.16;286
0.14;0.22;0.16;280
0.14;0.20;0.16;275
0.14;0.18;0.16;270
0.14;0.16;0.16;266
0.14;0.14;0.16;263
0.14;0.12;0.16;259
0.14;0.10;0.16;256
0.14;0.08;0.16;253
0.14;0.06;0.16;251
0.14;0.04;0.16;248
0.14;0.02;0.16;245
0.14;0.32;0.18;458
0.14;0.30;0.18;372
0.14;0.28;0.18;343
0.14;0.26;0.18;326
0.14;0.24;0.18;314
0.14;0.22;0.18;305
0.14;0.20;0.18;298
0.14;0.18;0.18;292
0.14;0.16;0.18;287
0.14;0.14;0.18;283
0.14;0.12;0.18;279
0.14;0.10;0.18;276
0.14;0.08;0.18;273
0.14;0.06;0.18;270
0.14;0.04;0.18;268
0.14;0.02;0.18;265
0.14;0.26;0.20;410
0.14;0.24;0.20;368
0.14;0.22;0.20;347
0.14;0.20;0.20;333
0.14;0.18;0.20;324
0.14;0.16;0.20;316
0.14;0.14;0.20;311
0.14;0.12;0.20;306
0.14;0.10;0.20;302
0.14;0.08;0.20;299
0.14;0.06;0.20;296
0.14;0.04;0.20;294
0.14;0.02;0.20;291
0.14;0.20;0.22;504
0.14;0.18;0.22;409
0.14;0.16;0.22;382
0.14;0.14;0.22;366
0.14;0.12;0.22;356
0.14;0.10;0.22;349
0.14;0.08;0.22;344
0.14;0.06;0.22;341
0.14;0.04;0.22;338
0.14;0.02;0.22;336
0.16;0.46;0.10;358
0.16;0.44;0.10;341
0.16;0.42;0.10;340
0.16;0.40;0.10;340
0.16;0.38;0.10;339
0.16;0.36;0.10;338
0.16;0.34;0.10;337
0.16;0.32;0.10;336
0.16;0.30;0.10;336
0.16;0.28;0.10;335
0.16;0.26;0.10;334
0.16;0.24;0.10;333
0.16;0.22;0.10;332
0.16;0.20;0.10;332
0.16;0.18;0.10;331
0.16;0.16;0.10;330
0.16;0.14;0.10;330
0.16;0.12;0.10;329
0.16;0.10;0.10;333
0.16;0.08;0.10;338
0.16;0.06;0.10;344
0.16;0.04;0.10;366
0.16;0.02;0.10;521
0.16;0.44;0.12;430
0.16;0.42;0.12;349
0.16;0.40;0.12;320
0.16;0.38;0.12;303
0.16;0.36;0.12;290
0.16;0.34;0.12;280
0.16;0.32;0.12;272
0.16;0.30;0.12;266
0.16;0.28;0.12;260
0.16;0.26;0.12;256
0.16;0.24;0.12;252
0.16;0.22;0.12;248
0.16;0.20;0.12;245
0.16;0.18;0.12;242
0.16;0.16;0.12;239
0.16;0.14;0.12;236
0.16;0.12;0.12;233
0.16;0.10;0.12;230
0.16;0.08;0.12;227
0.16;0.06;0.12;224
0.16;0.04;0.12;224
0.16;0.02;0.12;226
0.16;0.40;0.14;399
0.16;0.38;0.14;346
0.16;0.36;0.14;322
0.16;0.34;0.14;307
0.16;0.32;0.14;295
0.16;0.30;0.14;286
0.16;0.28;0.14;279
0.16;0.26;0.14;273
0.16;0.24;0.14;268
0.16;0.22;0.14;263
0.16;0.20;0.14;259
0.16;0.18;0.14;255
0.16;0.16;0.14;252
0.16;0.14;0.14;249
0.16;0.12;0.14;245
0.16;0.10;0.14;243
0.16;0.08;0.14;240
0.16;0.06;0.14;238
0.16;0.04;0.14;235
0.16;0.02;0.14;232
0.16;0.36;0.16;397
0.16;0.34;0.16;351
0.16;0.32;0.16;329
0.16;0.30;0.16;314
0.16;0.28;0.16;303
0.16;0.26;0.16;295
0.16;0.24;0.16;288
0.16;0.22;0.16;282
0.16;0.20;0.16;278
0.16;0.18;0.16;273
0.16;0.16;0.16;270
0.16;0.14;0.16;266
0.16;0.12;0.16;263
0.16;0.10;0.16;261
0.16;0.08;0.16;258
0.16;0.06;0.16;255
0.16;0.04;0.16;253
0.16;0.02;0.16;250
0.16;0.32;0.18;425
0.16;0.30;0.18;367
0.16;0.28;0.18;343
0.16;0.26;0.18;327
0.16;0.24;0.18;316
0.16;0.22;0.18;308
0.16;0.20;0.18;302
0.16;0.18;0.18;296
0.16;0.16;0.18;292
0.16;0.14;0.18;288
0.16;0.12;0.18;285
0.16;0.10;0.18;282
0.16;0.08;0.18;280
0.16;0.06;0.18;277
0.16;0.04;0.18;275
0.16;0.02;0.18;273
0.16;0.26;0.20;420
0.16;0.24;0.20;376
0.16;0.22;0.20;355
0.16;0.20;0.20;342
0.16;0.18;0.20;332
0.16;0.16;0.20;325
0.16;0.14;0.20;320
0.16;0.12;0.20;316
0.16;0.10;0.20;313
0.16;0.08;0.20;310
0.16;0.06;0.20;308
0.16;0.04;0.20;306
0.16;0.02;0.20;304
0.16;0.18;0.22;516
0.16;0.16;0.22;429
0.16;0.14;0.22;404
0.16;0.12;0.22;390
0.16;0.10;0.22;383
0.16;0.08;0.22;379
0.16;0.06;0.22;377
0.16;0.04;0.22;377
0.16;0.02;0.22;378
0.18;0.48;0.10;400
0.18;0.46;0.10;341
0.18;0.44;0.10;340
0.18;0.42;0.10;339
0.18;0.40;0.10;338
0.18;0.38;0.10;338
0.18;0.36;0.10;337
0.18;0.34;0.10;336
0.18;0.32;0.10;335
0.18;0.30;0.10;334
0.18;0.28;0.10;333
0.18;0.26;0.10;333
0.18;0.24;0.10;332
0.18;0.22;0.10;331
0.18;0.20;0.10;330
0.18;0.18;0.10;330
0.18;0.16;0.10;329
0.18;0.14;0.10;328
0.18;0.12;0.10;327
0.18;0.10;0.10;332
0.18;0.08;0.10;337
0.18;0.06;0.10;343
0.18;0.04;0.10;365
0.18;0.02;0.10;508
0.18;0.44;0.12;377
0.18;0.42;0.12;335
0.18;0.40;0.12;314
0.18;0.38;0.12;299
0.18;0.36;0.12;288
0.18;0.34;0.12;279
0.18;0.32;0.12;272
0.18;0.30;0.12;266
0.18;0.28;0.12;261
0.18;0.26;0.12;257
0.18;0.24;0.12;253
0.18;0.22;0.12;250
0.18;0.20;0.12;247
0.18;0.18;0.12;244
0.18;0.16;0.12;241
0.18;0.14;0.12;238
0.18;0.12;0.12;235
0.18;0.10;0.12;232
0.18;0.08;0.12;230
0.18;0.06;0.12;227
0.18;0.04;0.12;224
0.18;0.02;0.12;226
0.18;0.40;0.14;371
0.18;0.38;0.14;337
0.18;0.36;0.14;318
0.18;0.34;0.14;304
0.18;0.32;0.14;294
0.18;0.30;0.14;286
0.18;0.28;0.14;280
0.18;0.26;0.14;274
0.18;0.24;0.14;270
0.18;0.22;0.14;265
0.18;0.20;0.14;262
0.18;0.18;0.14;258
0.18;0.16;0.14;255
0.18;0.14;0.14;252
0.18;0.12;0.14;249
0.18;0.10;0.14;247
0.18;0.08;0.14;244
0.18;0.06;0.14;242
0.18;0.04;0.14;239
0.18;0.02;0.14;236
0.18;0.36;0.16;378
0.18;0.34;0.16;345
0.18;0.32;0.16;326
0.18;0.30;0.16;314
0.18;0.28;0.16;304
0.18;0.26;0.16;296
0.18;0.24;0.16;290
0.18;0.22;0.16;285
0.18;0.20;0.16;281
0.18;0.18;0.16;277
0.18;0.16;0.16;274
0.18;0.14;0.16;271
0.18;0.12;0.16;268
0.18;0.10;0.16;266
0.18;0.08;0.16;264
0.18;0.06;0.16;261
0.18;0.04;0.16;259
0.18;0.02;0.16;256
0.18;0.32;0.18;411
0.18;0.30;0.18;366
0.18;0.28;0.18;344
0.18;0.26;0.18;330
0.18;0.24;0.18;320
0.18;0.22;0.18;313
0.18;0.20;0.18;307
0.18;0.18;0.18;302
0.18;0.16;0.18;298
0.18;0.14;0.18;295
0.18;0.12;0.18;292
0.18;0.10;0.18;290
0.18;0.08;0.18;288
0.18;0.06;0.18;286
0.18;0.04;0.18;284
0.18;0.02;0.18;282
0.18;0.26;0.20;442
0.18;0.24;0.20;390
0.18;0.22;0.20;368
0.18;0.20;0.20;354
0.18;0.18;0.20;345
0.18;0.16;0.20;338
0.18;0.14;0.20;334
0.18;0.12;0.20;330
0.18;0.10;0.20;328
0.18;0.08;0.20;326
0.18;0.06;0.20;325
0.18;0.04;0.20;325
0.18;0.02;0.20;324
0.20;0.48;0.10;361
0.20;0.46;0.10;340
0.20;0.44;0.10;339
0.20;0.42;0.10;338
0.20;0.40;0.10;337
0.20;0.38;0.10;337
0.20;0.36;0.10;336
0.20;0.34;0.10;335
0.20;0.32;0.10;334
0.20;0.30;0.10;333
0.20;0.28;0.10;332
0.20;0.26;0.10;332
0.20;0.24;0.10;331
0.20;0.22;0.10;330
0.20;0.20;0.10;329
0.20;0.18;0.10;329
0.20;0.16;0.10;328
0.20;0.14;0.10;327
0.20;0.12;0.10;326
0.20;0.10;0.10;331
0.20;0.08;0.10;336
0.20;0.06;0.10;343
0.20;0.04;0.10;362
0.20;0.02;0.10;491
0.20;0.46;0.12;435
0.20;0.44;0.12;354
0.20;0.42;0.12;326
0.20;0.40;0.12;308
0.20;0.38;0.12;296
0.20;0.36;0.12;287
0.20;0.34;0.12;279
0.20;0.32;0.12;272
0.20;0.30;0.12;267
0.20;0.28;0.12;262
0.20;0.26;0.12;258
0.20;0.24;0.12;255
0.20;0.22;0.12;252
0.20;0.20;0.12;249
0.20;0.18;0.12;246
0.20;0.16;0.12;244
0.20;0.14;0.12;241
0.20;0.12;0.12;239
0.20;0.10;0.12;236
0.20;0.08;0.12;234
0.20;0.06;0.12;231
0.20;0.04;0.12;228
0.20;0.02;0.12;226
0.20;0.42;0.14;415
0.20;0.40;0.14;356
0.20;0.38;0.14;330
0.20;0.36;0.14;314
0.20;0.34;0.14;303
0.20;0.32;0.14;294
0.20;0.30;0.14;287
0.20;0.28;0.14;281
0.20;0.26;0.14;276
0.20;0.24;0.14;272
0.20;0.22;0.14;268
0.20;0.20;0.14;265
0.20;0.18;0.14;262
0.20;0.16;0.14;259
0.20;0.14;0.14;256
0.20;0.12;0.14;254
0.20;0.10;0.14;252
0.20;0.08;0.14;250
0.20;0.06;0.14;248
0.20;0.04;0.14;245
0.20;0.02;0.14;243
0.20;0.38;0.16;434
0.20;0.36;0.16;368
0.20;0.34;0.16;342
0.20;0.32;0.16;326
0.20;0.30;0.16;314
0.20;0.28;0.16;306
0.20;0.26;0.16;299
0.20;0.24;0.16;294
0.20;0.22;0.16;289
0.20;0.20;0.16;285
0.20;0.18;0.16;282
0.20;0.16;0.16;279
0.20;0.14;0.16;277
0.20;0.12;0.16;275
0.20;0.10;0.16;272
0.20;0.08;0.16;270
0.20;0.06;0.16;268
0.20;0.04;0.16;267
0.20;0.02;0.16;265
0.20;0.32;0.18;405
0.20;0.30;0.18;367
0.20;0.28;0.18;348
0.20;0.26;0.18;335
0.20;0.24;0.18;326
0.20;0.22;0.18;319
0.20;0.20;0.18;314
0.20;0.18;0.18;310
0.20;0.16;0.18;307
0.20;0.14;0.18;304
0.20;0.12;0.18;302
0.20;0.10;0.18;300
0.20;0.08;0.18;299
0.20;0.06;0.18;298
0.20;0.04;0.18;297
0.20;0.02;0.18;295
0.20;0.26;0.20;519
0.20;0.24;0.20;416
0.20;0.22;0.20;388
0.20;0.20;0.20;373
0.20;0.18;0.20;364
0.20;0.16;0.20;358
0.20;0.14;0.20;355
0.20;0.12;0.20;353
0.20;0.10;0.20;352
0.20;0.08;0.20;353
0.20;0.06;0.20;355
0.20;0.04;0.20;358
0.20;0.02;0.20;361
0.22;0.50;0.10;417
0.22;0.48;0.10;349
0.22;0.46;0.10;339
0.22;0.44;0.10;338
0.22;0.42;0.10;338
0.22;0.40;0.10;337
0.22;0.38;0.10;336
0.22;0.36;0.10;335
0.22;0.34;0.10;334
0.22;0.32;0.10;333
0.22;0.30;0.10;333
0.22;0.28;0.10;332
0.22;0.26;0.10;331
0.22;0.24;0.10;330
0.22;0.22;0.10;329
0.22;0.20;0.10;329
0.22;0.18;0.10;328
0.22;0.16;0.10;327
0.22;0.14;0.10;326
0.22;0.12;0.10;326
0.22;0.10;0.10;329
0.22;0.08;0.10;335
0.22;0.06;0.10;342
0.22;0.04;0.10;360
0.22;0.02;0.10;473
0.22;0.46;0.12;389
0.22;0.44;0.12;345
0.22;0.42;0.12;322
0.22;0.40;0.12;308
0.22;0.38;0.12;297
0.22;0.36;0.12;288
0.22;0.34;0.12;281
0.22;0.32;0.12;275
0.22;0.30;0.12;270
0.22;0.28;0.12;266
0.22;0.26;0.12;262
0.22;0.24;0.12;258
0.22;0.22;0.12;255
0.22;0.20;0.12;252
0.22;0.18;0.12;250
0.22;0.16;0.12;247
0.22;0.14;0.12;245
0.22;0.12;0.12;243
0.22;0.10;0.12;240
0.22;0.08;0.12;238
0.22;0.06;0.12;235
0.22;0.04;0.12;233
0.22;0.02;0.12;229
0.22;0.42;0.14;387
0.22;0.40;0.14;348
0.22;0.38;0.14;328
0.22;0.36;0.14;314
0.22;0.34;0.14;304
0.22;0.32;0.14;296
0.22;0.30;0.14;290
0.22;0.28;0.14;285
0.22;0.26;0.14;280
0.22;0.24;0.14;276
0.22;0.22;0.14;273
0.22;0.20;0.14;270
0.22;0.18;0.14;267
0.22;0.16;0.14;264
0.22;0.14;0.14;262
0.22;0.12;0.14;260
0.22;0.10;0.14;259
0.22;0.08;0.14;257
0.22;0.06;0.14;255
0.22;0.04;0.14;253
0.22;0.02;0.14;251
0.22;0.38;0.16;408
0.22;0.36;0.16;363
0.22;0.34;0.16;342
0.22;0.32;0.16;327
0.22;0.30;0.16;317
0.22;0.28;0.16;310
0.22;0.26;0.16;303
0.22;0.24;0.16;299
0.22;0.22;0.16;294
0.22;0.20;0.16;291
0.22;0.18;0.16;288
0.22;0.16;0.16;286
0.22;0.14;0.16;284
0.22;0.12;0.16;282
0.22;0.10;0.16;281
0.22;0.08;0.16;280
0.22;0.06;0.16;279
0.22;0.04;0.16;278
0.22;0.02;0.16;277
0.22;0.32;0.18;409
0.22;0.30;0.18;373
0.22;0.28;0.18;355
0.22;0.26;0.18;342
0.22;0.24;0.18;334
0.22;0.22;0.18;328
0.22;0.20;0.18;323
0.22;0.18;0.18;320
0.22;0.16;0.18;318
0.22;0.14;0.18;316
0.22;0.12;0.18;315
0.22;0.10;0.18;315
0.22;0.08;0.18;315
0.22;0.06;0.18;315
0.22;0.04;0.18;316
0.22;0.02;0.18;317
0.22;0.24;0.20;497
0.22;0.22;0.20;433
0.22;0.20;0.20;411
0.22;0.18;0.20;401
0.22;0.16;0.20;397
0.22;0.14;0.20;397
0.22;0.12;0.20;401
0.22;0.10;0.20;409
0.22;0.08;0.20;425
0.22;0.06;0.20;456
0.22;0.04;0.20;637
0.24;0.50;0.10;384
0.24;0.48;0.10;341
0.24;0.46;0.10;339
0.24;0.44;0.10;338
0.24;0.42;0.10;337
0.24;0.40;0.10;336
0.24;0.38;0.10;335
0.24;0.36;0.10;335
0.24;0.34;0.10;334
0.24;0.32;0.10;333
0.24;0.30;0.10;332
0.24;0.28;0.10;331
0.24;0.26;0.10;331
0.24;0.24;0.10;330
0.24;0.22;0.10;329
0.24;0.20;0.10;328
0.24;0.18;0.10;328
0.24;0.16;0.10;327
0.24;0.14;0.10;326
0.24;0.12;0.10;325
0.24;0.10;0.10;328
0.24;0.08;0.10;334
0.24;0.06;0.10;342
0.24;0.04;0.10;357
0.24;0.02;0.10;457
0.24;0.46;0.12;374
0.24;0.44;0.12;341
0.24;0.42;0.12;322
0.24;0.40;0.12;309
0.24;0.38;0.12;299
0.24;0.36;0.12;291
0.24;0.34;0.12;285
0.24;0.32;0.12;279
0.24;0.30;0.12;274
0.24;0.28;0.12;270
0.24;0.26;0.12;267
0.24;0.24;0.12;264
0.24;0.22;0.12;261
0.24;0.20;0.12;258
0.24;0.18;0.12;255
0.24;0.16;0.12;252
0.24;0.14;0.12;250
0.24;0.12;0.12;248
0.24;0.10;0.12;246
0.24;0.08;0.12;243
0.24;0.06;0.12;241
0.24;0.04;0.12;238
0.24;0.02;0.12;235
0.24;0.44;0.14;549
0.24;0.42;0.14;381
0.24;0.40;0.14;349
0.24;0.38;0.14;330
0.24;0.36;0.14;318
0.24;0.34;0.14;308
0.24;0.32;0.14;301
0.24;0.30;0.14;295
0.24;0.28;0.14;290
0.24;0.26;0.14;286
0.24;0.24;0.14;283
0.24;0.22;0.14;280
0.24;0.20;0.14;277
0.24;0.18;0.14;275
0.24;0.16;0.14;272
0.24;0.14;0.14;270
0.24;0.12;0.14;268
0.24;0.10;0.14;267
0.24;0.08;0.14;266
0.24;0.06;0.14;264
0.24;0.04;0.14;262
0.24;0.02;0.14;260
0.24;0.38;0.16;414
0.24;0.36;0.16;370
0.24;0.34;0.16;349
0.24;0.32;0.16;335
0.24;0.30;0.16;325
0.24;0.28;0.16;318
0.24;0.26;0.16;312
0.24;0.24;0.16;308
0.24;0.22;0.16;304
0.24;0.20;0.16;301
0.24;0.18;0.16;299
0.24;0.16;0.16;297
0.24;0.14;0.16;296
0.24;0.12;0.16;295
0.24;0.10;0.16;294
0.24;0.08;0.16;293
0.24;0.06;0.16;293
0.24;0.04;0.16;294
0.24;0.02;0.16;293
0.24;0.32;0.18;457
0.24;0.30;0.18;399
0.24;0.28;0.18;376
0.24;0.26;0.18;362
0.24;0.24;0.18;353
0.24;0.22;0.18;347
0.24;0.20;0.18;343
0.24;0.18;0.18;340
0.24;0.16;0.18;339
0.24;0.14;0.18;338
0.24;0.12;0.18;339
0.24;0.10;0.18;341
0.24;0.08;0.18;343
0.24;0.06;0.18;346
0.24;0.04;0.18;353
0.24;0.02;0.18;362
0.26;0.52;0.10;465
0.26;0.50;0.10;364
0.26;0.48;0.10;339
0.26;0.46;0.10;338
0.26;0.44;0.10;337
0.26;0.42;0.10;337
0.26;0.40;0.10;336
0.26;0.38;0.10;335
0.26;0.36;0.10;334
0.26;0.34;0.10;334
0.26;0.32;0.10;333
0.26;0.30;0.10;332
0.26;0.28;0.10;331
0.26;0.26;0.10;331
0.26;0.24;0.10;330
0.26;0.22;0.10;329
0.26;0.20;0.10;328
0.26;0.18;0.10;328
0.26;0.16;0.10;327
0.26;0.14;0.10;326
0.26;0.12;0.10;326
0.26;0.10;0.10;327
0.26;0.08;0.10;333
0.26;0.06;0.10;341
0.26;0.04;0.10;354
0.26;0.02;0.10;443
0.26;0.48;0.12;428
0.26;0.46;0.12;363
0.26;0.44;0.12;337
0.26;0.42;0.12;321
0.26;0.40;0.12;310
0.26;0.38;0.12;301
0.26;0.36;0.12;294
0.26;0.34;0.12;288
0.26;0.32;0.12;283
0.26;0.30;0.12;279
0.26;0.28;0.12;275
0.26;0.26;0.12;272
0.26;0.24;0.12;269
0.26;0.22;0.12;267
0.26;0.20;0.12;264
0.26;0.18;0.12;262
0.26;0.16;0.12;260
0.26;0.14;0.12;257
0.26;0.12;0.12;255
0.26;0.10;0.12;253
0.26;0.08;0.12;251
0.26;0.06;0.12;248
0.26;0.04;0.12;246
0.26;0.02;0.12;243
0.26;0.44;0.14;449
0.26;0.42;0.14;376
0.26;0.40;0.14;349
0.26;0.38;0.14;332
0.26;0.36;0.14;321
0.26;0.34;0.14;313
0.26;0.32;0.14;306
0.26;0.30;0.14;301
0.26;0.28;0.14;296
0.26;0.26;0.14;293
0.26;0.24;0.14;290
0.26;0.22;0.14;288
0.26;0.20;0.14;285
0.26;0.18;0.14;284
0.26;0.16;0.14;282
0.26;0.14;0.14;280
0.26;0.12;0.14;279
0.26;0.10;0.14;278
0.26;0.08;0.14;276
0.26;0.06;0.14;276
0.26;0.04;0.14;274
0.26;0.02;0.14;272
0.26;0.38;0.16;420
0.26;0.36;0.16;378
0.26;0.34;0.16;357
0.26;0.32;0.16;344
0.26;0.30;0.16;335
0.26;0.28;0.16;328
0.26;0.26;0.16;323
0.26;0.24;0.16;319
0.26;0.22;0.16;317
0.26;0.20;0.16;315
0.26;0.18;0.16;313
0.26;0.16;0.16;313
0.26;0.14;0.16;313
0.26;0.12;0.16;313
0.26;0.10;0.16;313
0.26;0.08;0.16;313
0.26;0.06;0.16;314
0.26;0.04;0.16;317
0.26;0.02;0.16;318
0.26;0.30;0.18;454
0.26;0.28;0.18;413
0.26;0.26;0.18;395
0.26;0.24;0.18;385
0.26;0.22;0.18;379
0.26;0.20;0.18;377
0.26;0.18;0.18;378
0.26;0.16;0.18;381
0.26;0.14;0.18;387
0.26;0.12;0.18;397
0.26;0.10;0.18;413
0.26;0.08;0.18;443
0.26;0.06;0.18;544
0.28;0.52;0.10;394
0.28;0.50;0.10;350
0.28;0.48;0.10;338
0.28;0.46;0.10;338
0.28;0.44;0.10;337
0.28;0.42;0.10;336
0.28;0.40;0.10;335
0.28;0.38;0.10;335
0.28;0.36;0.10;334
0.28;0.34;0.10;333
0.28;0.32;0.10;333
0.28;0.30;0.10;332
0.28;0.28;0.10;331
0.28;0.26;0.10;331
0.28;0.24;0.10;330
0.28;0.22;0.10;329
0.28;0.20;0.10;329
0.28;0.18;0.10;328
0.28;0.16;0.10;327
0.28;0.14;0.10;327
0.28;0.12;0.10;326
0.28;0.10;0.10;326
0.28;0.08;0.10;332
0.28;0.06;0.10;341
0.28;0.04;0.10;351
0.28;0.02;0.10;430
0.28;0.48;0.12;392
0.28;0.46;0.12;354
0.28;0.44;0.12;334
0.28;0.42;0.12;320
0.28;0.40;0.12;310
0.28;0.38;0.12;303
0.28;0.36;0.12;297
0.28;0.34;0.12;292
0.28;0.32;0.12;287
0.28;0.30;0.12;284
0.28;0.28;0.12;281
0.28;0.26;0.12;278
0.28;0.24;0.12;276
0.28;0.22;0.12;274
0.28;0.20;0.12;272
0.28;0.18;0.12;270
0.28;0.16;0.12;268
0.28;0.14;0.12;266
0.28;0.12;0.12;264
0.28;0.10;0.12;262
0.28;0.08;0.12;260
0.28;0.06;0.12;258
0.28;0.04;0.12;255
0.28;0.02;0.12;252
0.28;0.44;0.14;417
0.28;0.42;0.14;371
0.28;0.40;0.14;349
0.28;0.38;0.14;335
0.28;0.36;0.14;325
0.28;0.34;0.14;317
0.28;0.32;0.14;312
0.28;0.30;0.14;307
0.28;0.28;0.14;304
0.28;0.26;0.14;301
0.28;0.24;0.14;299
0.28;0.22;0.14;297
0.28;0.20;0.14;296
0.28;0.18;0.14;295
0.28;0.16;0.14;294
0.28;0.14;0.14;293
0.28;0.12;0.14;293
0.28;0.10;0.14;292
0.28;0.08;0.14;291
0.28;0.06;0.14;291
0.28;0.04;0.14;290
0.28;0.02;0.14;289
0.28;0.38;0.16;428
0.28;0.36;0.16;387
0.28;0.34;0.16;367
0.28;0.32;0.16;355
0.28;0.30;0.16;347
0.28;0.28;0.16;341
0.28;0.26;0.16;337
0.28;0.24;0.16;335
0.28;0.22;0.16;333
0.28;0.20;0.16;333
0.28;0.18;0.16;334
0.28;0.16;0.16;336
0.28;0.14;0.16;338
0.28;0.12;0.16;341
0.28;0.10;0.16;345
0.28;0.08;0.16;350
0.28;0.06;0.16;355
0.28;0.04;0.16;363
0.28;0.02;0.16;373
0.28;0.26;0.18;531
0.28;0.24;0.18;498
0.28;0.22;0.18;509
0.30;0.54;0.10;433
0.30;0.52;0.10;365
0.30;0.50;0.10;338
0.30;0.48;0.10;338
0.30;0.46;0.10;337
0.30;0.44;0.10;337
0.30;0.42;0.10;336
0.30;0.40;0.10;335
0.30;0.38;0.10;335
0.30;0.36;0.10;334
0.30;0.34;0.10;333
0.30;0.32;0.10;333
0.30;0.30;0.10;332
0.30;0.28;0.10;332
0.30;0.26;0.10;331
0.30;0.24;0.10;330
0.30;0.22;0.10;330
0.30;0.20;0.10;329
0.30;0.18;0.10;328
0.30;0.16;0.10;328
0.30;0.14;0.10;327
0.30;0.12;0.10;327
0.30;0.10;0.10;326
0.30;0.08;0.10;331
0.30;0.06;0.10;340
0.30;0.04;0.10;350
0.30;0.02;0.10;418
0.30;0.50;0.12;433
0.30;0.48;0.12;371
0.30;0.46;0.12;346
0.30;0.44;0.12;330
0.30;0.42;0.12;319
0.30;0.40;0.12;311
0.30;0.38;0.12;305
0.30;0.36;0.12;300
0.30;0.34;0.12;295
0.30;0.32;0.12;292
0.30;0.30;0.12;289
0.30;0.28;0.12;287
0.30;0.26;0.12;285
0.30;0.24;0.12;283
0.30;0.22;0.12;282
0.30;0.20;0.12;281
0.30;0.18;0.12;279
0.30;0.16;0.12;278
0.30;0.14;0.12;277
0.30;0.12;0.12;275
0.30;0.10;0.12;274
0.30;0.08;0.12;272
0.30;0.06;0.12;270
0.30;0.04;0.12;268
0.30;0.02;0.12;265
0.30;0.46;0.14;546
0.30;0.44;0.14;397
0.30;0.42;0.14;366
0.30;0.40;0.14;349
0.30;0.38;0.14;337
0.30;0.36;0.14;329
0.30;0.34;0.14;323
0.30;0.32;0.14;318
0.30;0.30;0.14;315
0.30;0.28;0.14;312
0.30;0.26;0.14;311
0.30;0.24;0.14;310
0.30;0.22;0.14;309
0.30;0.20;0.14;309
0.30;0.18;0.14;309
0.30;0.16;0.14;310
0.30;0.14;0.14;311
0.30;0.12;0.14;312
0.30;0.10;0.14;313
0.30;0.08;0.14;314
0.30;0.06;0.14;314
0.30;0.04;0.14;316
0.30;0.02;0.14;316
0.30;0.38;0.16;435
0.30;0.36;0.16;398
0.30;0.34;0.16;380
0.30;0.32;0.16;369
0.30;0.30;0.16;362
0.30;0.28;0.16;359
0.30;0.26;0.16;357
0.30;0.24;0.16;357
0.30;0.22;0.16;359
0.30;0.20;0.16;363
0.30;0.18;0.16;370
0.30;0.16;0.16;380
0.30;0.14;0.16;394
0.30;0.12;0.16;419
0.30;0.10;0.16;476
0.32;0.56;0.10;487
0.32;0.54;0.10;377
0.32;0.52;0.10;346
0.32;0.50;0.10;338
0.32;0.48;0.10;337
0.32;0.46;0.10;337
0.32;0.44;0.10;336
0.32;0.42;0.10;336
0.32;0.40;0.10;335
0.32;0.38;0.10;335
0.32;0.36;0.10;334
0.32;0.34;0.10;333
0.32;0.32;0.10;333
0.32;0.30;0.10;332
0.32;0.28;0.10;332
0.32;0.26;0.10;331
0.32;0.24;0.10;331
0.32;0.22;0.10;330
0.32;0.20;0.10;330
0.32;0.18;0.10;329
0.32;0.16;0.10;329
0.32;0.14;0.10;328
0.32;0.12;0.10;327
0.32;0.10;0.10;327
0.32;0.08;0.10;330
0.32;0.06;0.10;339
0.32;0.04;0.10;350
0.32;0.02;0.10;408
0.32;0.52;0.12;501
0.32;0.50;0.12;386
0.32;0.48;0.12;356
0.32;0.46;0.12;339
0.32;0.44;0.12;327
0.32;0.42;0.12;318
0.32;0.40;0.12;312
0.32;0.38;0.12;307
0.32;0.36;0.12;303
0.32;0.34;0.12;300
0.32;0.32;0.12;297
0.32;0.30;0.12;295
0.32;0.28;0.12;294
0.32;0.26;0.12;293
0.32;0.24;0.12;292
0.32;0.22;0.12;292
0.32;0.20;0.12;291
0.32;0.18;0.12;291
0.32;0.16;0.12;291
0.32;0.14;0.12;291
0.32;0.12;0.12;290
0.32;0.10;0.12;289
0.32;0.08;0.12;288
0.32;0.06;0.12;286
0.32;0.04;0.12;284
0.32;0.02;0.12;281
0.32;0.46;0.14;427
0.32;0.44;0.14;382
0.32;0.42;0.14;361
0.32;0.40;0.14;348
0.32;0.38;0.14;340
0.32;0.36;0.14;333
0.32;0.34;0.14;329
0.32;0.32;0.14;326
0.32;0.30;0.14;324
0.32;0.28;0.14;323
0.32;0.26;0.14;323
0.32;0.24;0.14;324
0.32;0.22;0.14;325
0.32;0.20;0.14;327
0.32;0.18;0.14;331
0.32;0.16;0.14;335
0.32;0.14;0.14;339
0.32;0.12;0.14;345
0.32;0.10;0.14;352
0.32;0.08;0.14;359
0.32;0.06;0.14;365
0.32;0.04;0.14;371
0.32;0.02;0.14;380
0.32;0.38;0.16;444
0.32;0.36;0.16;411
0.32;0.34;0.16;396
0.32;0.32;0.16;389
0.32;0.30;0.16;386
0.32;0.28;0.16;386
0.32;0.26;0.16;390
0.32;0.24;0.16;400
0.32;0.22;0.16;416
0.32;0.20;0.16;453
0.34;0.58;0.10;506
0.34;0.56;0.10;381
0.34;0.54;0.10;350
0.34;0.52;0.10;338
0.34;0.50;0.10;337
0.34;0.48;0.10;337
0.34;0.46;0.10;336
0.34;0.44;0.10;336
0.34;0.42;0.10;336
0.34;0.40;0.10;335
0.34;0.38;0.10;335
0.34;0.36;0.10;334
0.34;0.34;0.10;334
0.34;0.32;0.10;333
0.34;0.30;0.10;333
0.34;0.28;0.10;332
0.34;0.26;0.10;332
0.34;0.24;0.10;331
0.34;0.22;0.10;331
0.34;0.20;0.10;330
0.34;0.18;0.10;330
0.34;0.16;0.10;329
0.34;0.14;0.10;329
0.34;0.12;0.10;328
0.34;0.10;0.10;328
0.34;0.08;0.10;329
0.34;0.06;0.10;338
0.34;0.04;0.10;349
0.34;0.02;0.10;399
0.34;0.54;0.12;685
0.34;0.52;0.12;394
0.34;0.50;0.12;362
0.34;0.48;0.12;344
0.34;0.46;0.12;332
0.34;0.44;0.12;324
0.34;0.42;0.12;317
0.34;0.40;0.12;313
0.34;0.38;0.12;309
0.34;0.36;0.12;306
0.34;0.34;0.12;304
0.34;0.32;0.12;303
0.34;0.30;0.12;302
0.34;0.28;0.12;302
0.34;0.26;0.12;302
0.34;0.24;0.12;303
0.34;0.22;0.12;304
0.34;0.20;0.12;305
0.34;0.18;0.12;307
0.34;0.16;0.12;308
0.34;0.14;0.12;310
0.34;0.12;0.12;312
0.34;0.10;0.12;313
0.34;0.08;0.12;313
0.34;0.06;0.12;312
0.34;0.04;0.12;310
0.34;0.02;0.12;308
0.34;0.48;0.14;453
0.34;0.46;0.14;394
0.34;0.44;0.14;371
0.34;0.42;0.14;357
0.34;0.40;0.14;348
0.34;0.38;0.14;342
0.34;0.36;0.14;338
0.34;0.34;0.14;336
0.34;0.32;0.14;334
0.34;0.30;0.14;335
0.34;0.28;0.14;336
0.34;0.26;0.14;339
0.34;0.24;0.14;343
0.34;0.22;0.14;349
0.34;0.20;0.14;357
0.34;0.18;0.14;368
0.34;0.16;0.14;385
0.34;0.14;0.14;412
0.34;0.12;0.14;485
0.34;0.40;0.16;561
0.34;0.38;0.16;453
0.34;0.36;0.16;430
0.34;0.34;0.16;421
0.34;0.32;0.16;421
0.34;0.30;0.16;429
0.34;0.28;0.16;452
0.34;0.26;0.16;541
0.36;0.60;0.10;459
0.36;0.58;0.10;376
0.36;0.56;0.10;349
0.36;0.54;0.10;338
0.36;0.52;0.10;337
0.36;0.50;0.10;337
0.36;0.48;0.10;337
0.36;0.46;0.10;336
0.36;0.44;0.10;336
0.36;0.42;0.10;335
0.36;0.40;0.10;335
0.36;0.38;0.10;335
0.36;0.36;0.10;334
0.36;0.34;0.10;334
0.36;0.32;0.10;334
0.36;0.30;0.10;333
0.36;0.28;0.10;333
0.36;0.26;0.10;332
0.36;0.24;0.10;332
0.36;0.22;0.10;332
0.36;0.20;0.10;331
0.36;0.18;0.10;331
0.36;0.16;0.10;330
0.36;0.14;0.10;330
0.36;0.12;0.10;330
0.36;0.10;0.10;329
0.36;0.08;0.10;329
0.36;0.06;0.10;337
0.36;0.04;0.10;348
0.36;0.02;0.10;390
0.36;0.56;0.12;499
0.36;0.54;0.12;392
0.36;0.52;0.12;362
0.36;0.50;0.12;346
0.36;0.48;0.12;335
0.36;0.46;0.12;327
0.36;0.44;0.12;321
0.36;0.42;0.12;316
0.36;0.40;0.12;313
0.36;0.38;0.12;311
0.36;0.36;0.12;310
0.36;0.34;0.12;309
0.36;0.32;0.12;309
0.36;0.30;0.12;310
0.36;0.28;0.12;311
0.36;0.26;0.12;313
0.36;0.24;0.12;316
0.36;0.22;0.12;320
0.36;0.20;0.12;324
0.36;0.18;0.12;329
0.36;0.16;0.12;335
0.36;0.14;0.12;342
0.36;0.12;0.12;350
0.36;0.10;0.12;357
0.36;0.08;0.12;365
0.36;0.06;0.12;370
0.36;0.04;0.12;370
0.36;0.02;0.12;368
0.36;0.50;0.14;450
0.36;0.48;0.14;397
0.36;0.46;0.14;374
0.36;0.44;0.14;361
0.36;0.42;0.14;353
0.36;0.40;0.14;348
0.36;0.38;0.14;344
0.36;0.36;0.14;343
0.36;0.34;0.14;343
0.36;0.32;0.14;345
0.36;0.30;0.14;348
0.36;0.28;0.14;354
0.36;0.26;0.14;362
0.36;0.24;0.14;375
0.36;0.22;0.14;395
0.36;0.20;0.14;438
0.36;0.40;0.16;494
0.36;0.38;0.16;462
0.36;0.36;0.16;457
0.36;0.34;0.16;471
0.36;0.32;0.16;536
0.38;0.62;0.10;482
0.38;0.60;0.10;378
0.38;0.58;0.10;348
0.38;0.56;0.10;337
0.38;0.54;0.10;337
0.38;0.52;0.10;337
0.38;0.50;0.10;336
0.38;0.48;0.10;336
0.38;0.46;0.10;336
0.38;0.44;0.10;336
0.38;0.42;0.10;335
0.38;0.40;0.10;335
0.38;0.38;0.10;335
0.38;0.36;0.10;335
0.38;0.34;0.10;334
0.38;0.32;0.10;334
0.38;0.30;0.10;334
0.38;0.28;0.10;333
0.38;0.26;0.10;333
0.38;0.24;0.10;333
0.38;0.22;0.10;333
0.38;0.20;0.10;332
0.38;0.18;0.10;332
0.38;0.16;0.10;332
0.38;0.14;0.10;331
0.38;0.12;0.10;331
0.38;0.10;0.10;331
0.38;0.08;0.10;330
0.38;0.06;0.10;335
0.38;0.04;0.10;347
0.38;0.02;0.10;382
0.38;0.56;0.12;394
0.38;0.54;0.12;361
0.38;0.52;0.12;343
0.38;0.50;0.12;333
0.38;0.48;0.12;326
0.38;0.46;0.12;321
0.38;0.44;0.12;318
0.38;0.42;0.12;315
0.38;0.40;0.12;314
0.38;0.38;0.12;313
0.38;0.36;0.12;313
0.38;0.34;0.12;314
0.38;0.32;0.12;316
0.38;0.30;0.12;319
0.38;0.28;0.12;323
0.38;0.26;0.12;328
0.38;0.24;0.12;335
0.38;0.22;0.12;343
0.38;0.20;0.12;355
0.38;0.18;0.12;371
0.38;0.16;0.12;397
0.38;0.14;0.12;454
0.38;0.52;0.14;458
0.38;0.50;0.14;393
0.38;0.48;0.14;370
0.38;0.46;0.14;360
0.38;0.44;0.14;353
0.38;0.42;0.14;349
0.38;0.40;0.14;347
0.38;0.38;0.14;347
0.38;0.36;0.14;348
0.38;0.34;0.14;352
0.38;0.32;0.14;358
0.38;0.30;0.14;367
0.38;0.28;0.14;382
0.38;0.26;0.14;408
0.38;0.24;0.14;486
0.38;0.44;0.16;569
0.38;0.42;0.16;478
0.38;0.40;0.16;464
0.38;0.38;0.16;471
0.38;0.36;0.16;517
0.40;0.64;0.10;437
0.40;0.62;0.10;374
0.40;0.60;0.10;348
0.40;0.58;0.10;337
0.40;0.56;0.10;336
0.40;0.54;0.10;336
0.40;0.52;0.10;336
0.40;0.50;0.10;336
0.40;0.48;0.10;336
0.40;0.46;0.10;336
0.40;0.44;0.10;336
0.40;0.42;0.10;335
0.40;0.40;0.10;335
0.40;0.38;0.10;335
0.40;0.36;0.10;335
0.40;0.34;0.10;335
0.40;0.32;0.10;335
0.40;0.30;0.10;334
0.40;0.28;0.10;334
0.40;0.26;0.10;334
0.40;0.24;0.10;334
0.40;0.22;0.10;334
0.40;0.20;0.10;333
0.40;0.18;0.10;333
0.40;0.16;0.10;336
0.40;0.14;0.10;343
0.40;0.12;0.10;350
0.40;0.10;0.10;356
0.40;0.08;0.10;359
0.40;0.06;0.10;356
0.40;0.04;0.10;347
0.40;0.02;0.10;375
0.40;0.60;0.12;587
0.40;0.58;0.12;396
0.40;0.56;0.12;364
0.40;0.54;0.12;346
0.40;0.52;0.12;334
0.40;0.50;0.12;326
0.40;0.48;0.12;319
0.40;0.46;0.12;316
0.40;0.44;0.12;315
0.40;0.42;0.12;314
0.40;0.40;0.12;314
0.40;0.38;0.12;315
0.40;0.36;0.12;317
0.40;0.34;0.12;320
0.40;0.32;0.12;325
0.40;0.30;0.12;330
0.40;0.28;0.12;338
0.40;0.26;0.12;349
0.40;0.24;0.12;364
0.40;0.22;0.12;389
0.40;0.20;0.12;448
0.40;0.54;0.14;482
0.40;0.52;0.14;402
0.40;0.50;0.14;376
0.40;0.48;0.14;361
0.40;0.46;0.14;351
0.40;0.44;0.14;346
0.40;0.42;0.14;345
0.40;0.40;0.14;346
0.40;0.38;0.14;349
0.40;0.36;0.14;354
0.40;0.34;0.14;363
0.40;0.32;0.14;376
0.40;0.30;0.14;398
0.40;0.28;0.14;450
0.40;0.44;0.16;478
0.40;0.42;0.16;443
0.40;0.40;0.16;443
0.40;0.38;0.16;478
0.42;0.68;0.10;509
0.42;0.66;0.10;391
0.42;0.64;0.10;359
0.42;0.62;0.10;341
0.42;0.60;0.10;336
0.42;0.58;0.10;336
0.42;0.56;0.10;336
0.42;0.54;0.10;336
0.42;0.52;0.10;336
0.42;0.50;0.10;336
0.42;0.48;0.10;336
0.42;0.46;0.10;336
0.42;0.44;0.10;336
0.42;0.42;0.10;335
0.42;0.40;0.10;335
0.42;0.38;0.10;335
0.42;0.36;0.10;335
0.42;0.34;0.10;335
0.42;0.32;0.10;335
0.42;0.30;0.10;335
0.42;0.28;0.10;335
0.42;0.26;0.10;335
0.42;0.24;0.10;335
0.42;0.22;0.10;341
0.42;0.20;0.10;356
0.42;0.18;0.10;377
0.42;0.16;0.10;416
0.42;0.62;0.12;440
0.42;0.60;0.12;383
0.42;0.58;0.12;359
0.42;0.56;0.12;344
0.42;0.54;0.12;334
0.42;0.52;0.12;327
0.42;0.50;0.12;321
0.42;0.48;0.12;317
0.42;0.46;0.12;315
0.42;0.44;0.12;313
0.42;0.42;0.12;313
0.42;0.40;0.12;315
0.42;0.38;0.12;317
0.42;0.36;0.12;321
0.42;0.34;0.12;327
0.42;0.32;0.12;334
0.42;0.30;0.12;344
0.42;0.28;0.12;359
0.42;0.26;0.12;383
0.42;0.24;0.12;440
0.42;0.56;0.14;450
0.42;0.54;0.14;398
0.42;0.52;0.14;376
0.42;0.50;0.14;363
0.42;0.48;0.14;354
0.42;0.46;0.14;349
0.42;0.44;0.14;346
0.42;0.42;0.14;345
0.42;0.40;0.14;346
0.42;0.38;0.14;351
0.42;0.36;0.14;361
0.42;0.34;0.14;376
0.42;0.32;0.14;402
0.42;0.30;0.14;482
0.42;0.46;0.16;517
0.42;0.44;0.16;471
0.42;0.42;0.16;464
0.42;0.40;0.16;478
0.42;0.38;0.16;569
0.44;0.72;0.10;416
0.44;0.70;0.10;377
0.44;0.68;0.10;356
0.44;0.66;0.10;341
0.44;0.64;0.10;335
0.44;0.62;0.10;335
0.44;0.60;0.10;335
0.44;0.58;0.10;335
0.44;0.56;0.10;335
0.44;0.54;0.10;335
0.44;0.52;0.10;335
0.44;0.50;0.10;335
0.44;0.48;0.10;335
0.44;0.46;0.10;335
0.44;0.44;0.10;336
0.44;0.42;0.10;336
0.44;0.40;0.10;336
0.44;0.38;0.10;336
0.44;0.36;0.10;336
0.44;0.34;0.10;336
0.44;0.32;0.10;336
0.44;0.30;0.10;336
0.44;0.28;0.10;336
0.44;0.26;0.10;341
0.44;0.24;0.10;359
0.44;0.22;0.10;391
0.44;0.20;0.10;509
0.44;0.66;0.12;448
0.44;0.64;0.12;389
0.44;0.62;0.12;364
0.44;0.60;0.12;349
0.44;0.58;0.12;338
0.44;0.56;0.12;330
0.44;0.54;0.12;325
0.44;0.52;0.12;320
0.44;0.50;0.12;317
0.44;0.48;0.12;315
0.44;0.46;0.12;314
0.44;0.44;0.12;314
0.44;0.42;0.12;315
0.44;0.40;0.12;316
0.44;0.38;0.12;319
0.44;0.36;0.12;326
0.44;0.34;0.12;334
0.44;0.32;0.12;346
0.44;0.30;0.12;364
0.44;0.28;0.12;396
0.44;0.26;0.12;587
0.44;0.60;0.14;486
0.44;0.58;0.14;408
0.44;0.56;0.14;382
0.44;0.54;0.14;367
0.44;0.52;0.14;358
0.44;0.50;0.14;352
0.44;0.48;0.14;348
0.44;0.46;0.14;347
0.44;0.44;0.14;347
0.44;0.42;0.14;349
0.44;0.40;0.14;353
0.44;0.38;0.14;360
0.44;0.36;0.14;370
0.44;0.34;0.14;393
0.44;0.32;0.14;458
0.44;0.50;0.16;536
0.44;0.48;0.16;471
0.44;0.46;0.16;457
0.44;0.44;0.16;462
0.44;0.42;0.16;494
0.46;0.86;0.10;375
0.46;0.84;0.10;347
0.46;0.82;0.10;356
0.46;0.80;0.10;359
0.46;0.78;0.10;356
0.46;0.76;0.10;350
0.46;0.74;0.10;343
0.46;0.72;0.10;336
0.46;0.70;0.10;333
0.46;0.68;0.10;333
0.46;0.66;0.10;334
0.46;0.64;0.10;334
0.46;0.62;0.10;334
0.46;0.60;0.10;334
0.46;0.58;0.10;334
0.46;0.56;0.10;335
0.46;0.54;0.10;335
0.46;0.52;0.10;335
0.46;0.50;0.10;335
0.46;0.48;0.10;335
0.46;0.46;0.10;335
0.46;0.44;0.10;336
0.46;0.42;0.10;336
0.46;0.40;0.10;336
0.46;0.38;0.10;336
0.46;0.36;0.10;336
0.46;0.34;0.10;336
0.46;0.32;0.10;336
0.46;0.30;0.10;337
0.46;0.28;0.10;348
0.46;0.26;0.10;374
0.46;0.24;0.10;437
0.46;0.72;0.12;454
0.46;0.70;0.12;397
0.46;0.68;0.12;371
0.46;0.66;0.12;355
0.46;0.64;0.12;343
0.46;0.62;0.12;335
0.46;0.60;0.12;328
0.46;0.58;0.12;323
0.46;0.56;0.12;319
0.46;0.54;0.12;316
0.46;0.52;0.12;314
0.46;0.50;0.12;313
0.46;0.48;0.12;313
0.46;0.46;0.12;314
0.46;0.44;0.12;315
0.46;0.42;0.12;318
0.46;0.40;0.12;321
0.46;0.38;0.12;326
0.46;0.36;0.12;333
0.46;0.34;0.12;343
0.46;0.32;0.12;361
0.46;0.30;0.12;394
0.46;0.64;0.14;438
0.46;0.62;0.14;395
0.46;0.60;0.14;375
0.46;0.58;0.14;362
0.46;0.56;0.14;354
0.46;0.54;0.14;348
0.46;0.52;0.14;345
0.46;0.50;0.14;343
0.46;0.48;0.14;343
0.46;0.46;0.14;344
0.46;0.44;0.14;348
0.46;0.42;0.14;353
0.46;0.40;0.14;361
0.46;0.38;0.14;374
0.46;0.36;0.14;397
0.46;0.34;0.14;450
0.46;0.56;0.16;541
0.46;0.54;0.16;452
0.46;0.52;0.16;429
0.46;0.50;0.16;421
0.46;0.48;0.16;421
0.46;0.46;0.16;430
0.46;0.44;0.16;453
0.46;0.42;0.16;561
0.48;0.86;0.10;382
0.48;0.84;0.10;347
0.48;0.82;0.10;335
0.48;0.80;0.10;330
0.48;0.78;0.10;331
0.48;0.76;0.10;331
0.48;0.74;0.10;331
0.48;0.72;0.10;332
0.48;0.70;0.10;332
0.48;0.68;0.10;332
0.48;0.66;0.10;333
0.48;0.64;0.10;333
0.48;0.62;0.10;333
0.48;0.60;0.10;333
0.48;0.58;0.10;334
0.48;0.56;0.10;334
0.48;0.54;0.10;334
0.48;0.52;0.10;335
0.48;0.50;0.10;335
0.48;0.48;0.10;335
0.48;0.46;0.10;335
0.48;0.44;0.10;336
0.48;0.42;0.10;336
0.48;0.40;0.10;336
0.48;0.38;0.10;336
0.48;0.36;0.10;337
0.48;0.34;0.10;337
0.48;0.32;0.10;337
0.48;0.30;0.10;348
0.48;0.28;0.10;378
0.48;0.26;0.10;482
0.48;0.84;0.12;368
0.48;0.82;0.12;370
0.48;0.80;0.12;370
0.48;0.78;0.12;365
0.48;0.76;0.12;357
0.48;0.74;0.12;350
0.48;0.72;0.12;342
0.48;0.70;0.12;335
0.48;0.68;0.12;329
0.48;0.66;0.12;324
0.48;0.64;0.12;320
0.48;0.62;0.12;316
0.48;0.60;0.12;313
0.48;0.58;0.12;311
0.48;0.56;0.12;310
0.48;0.54;0.12;309
0.48;0.52;0.12;309
0.48;0.50;0.12;310
0.48;0.48;0.12;311
0.48;0.46;0.12;313
0.48;0.44;0.12;316
0.48;0.42;0.12;321
0.48;0.40;0.12;327
0.48;0.38;0.12;335
0.48;0.36;0.12;346
0.48;0.34;0.12;362
0.48;0.32;0.12;392
0.48;0.30;0.12;499
0.48;0.72;0.14;485
0.48;0.70;0.14;412
0.48;0.68;0.14;385
0.48;0.66;0.14;368
0.48;0.64;0.14;357
0.48;0.62;0.14;349
0.48;0.60;0.14;343
0.48;0.58;0.14;339
0.48;0.56;0.14;336
0.48;0.54;0.14;335
0.48;0.52;0.14;334
0.48;0.50;0.14;336
0.48;0.48;0.14;338
0.48;0.46;0.14;342
0.48;0.44;0.14;348
0.48;0.42;0.14;357
0.48;0.40;0.14;371
0.48;0.38;0.14;394
0.48;0.36;0.14;453
0.48;0.62;0.16;453
0.48;0.60;0.16;416
0.48;0.58;0.16;400
0.48;0.56;0.16;390
0.48;0.54;0.16;386
0.48;0.52;0.16;386
0.48;0.50;0.16;389
0.48;0.48;0.16;396
0.48;0.46;0.16;411
0.48;0.44;0.16;444
0.50;0.86;0.10;390
0.50;0.84;0.10;348
0.50;0.82;0.10;337
0.50;0.80;0.10;329
0.50;0.78;0.10;329
0.50;0.76;0.10;330
0.50;0.74;0.10;330
0.50;0.72;0.10;330
0.50;0.70;0.10;331
0.50;0.68;0.10;331
0.50;0.66;0.10;332
0.50;0.64;0.10;332
0.50;0.62;0.10;332
0.50;0.60;0.10;333
0.50;0.58;0.10;333
0.50;0.56;0.10;334
0.50;0.54;0.10;334
0.50;0.52;0.10;334
0.50;0.50;0.10;335
0.50;0.48;0.10;335
0.50;0.46;0.10;335
0.50;0.44;0.10;336
0.50;0.42;0.10;336
0.50;0.40;0.10;337
0.50;0.38;0.10;337
0.50;0.36;0.10;337
0.50;0.34;0.10;338
0.50;0.32;0.10;349
0.50;0.30;0.10;376
0.50;0.28;0.10;459
0.50;0.84;0.12;308
0.50;0.82;0.12;310
0.50;0.80;0.12;312
0.50;0.78;0.12;313
0.50;0.76;0.12;313
0.50;0.74;0.12;312
0.50;0.72;0.12;310
0.50;0.70;0.12;308
0.50;0.68;0.12;307
0.50;0.66;0.12;305
0.50;0.64;0.12;304
0.50;0.62;0.12;303
0.50;0.60;0.12;302
0.50;0.58;0.12;302
0.50;0.56;0.12;302
0.50;0.54;0.12;303
0.50;0.52;0.12;304
0.50;0.50;0.12;306
0.50;0.48;0.12;309
0.50;0.46;0.12;313
0.50;0.44;0.12;317
0.50;0.42;0.12;324
0.50;0.40;0.12;332
0.50;0.38;0.12;344
0.50;0.36;0.12;362
0.50;0.34;0.12;394
0.50;0.32;0.12;685
0.50;0.82;0.14;380
0.50;0.80;0.14;371
0.50;0.78;0.14;365
0.50;0.76;0.14;359
0.50;0.74;0.14;352
0.50;0.72;0.14;345
0.50;0.70;0.14;339
0.50;0.68;0.14;335
0.50;0.66;0.14;331
0.50;0.64;0.14;327
0.50;0.62;0.14;325
0.50;0.60;0.14;324
0.50;0.58;0.14;323
0.50;0.56;0.14;323
0.50;0.54;0.14;324
0.50;0.52;0.14;326
0.50;0.50;0.14;329
0.50;0.48;0.14;333
0.50;0.46;0.14;340
0.50;0.44;0.14;348
0.50;0.42;0.14;361
0.50;0.40;0.14;382
0.50;0.38;0.14;427
0.50;0.72;0.16;476
0.50;0.70;0.16;419
0.50;0.68;0.16;394
0.50;0.66;0.16;380
0.50;0.64;0.16;370
0.50;0.62;0.16;363
0.50;0.60;0.16;359
0.50;0.58;0.16;357
0.50;0.56;0.16;357
0.50;0.54;0.16;359
0.50;0.52;0.16;362
0.50;0.50;0.16;369
0.50;0.48;0.16;380
0.50;0.46;0.16;398
0.50;0.44;0.16;435
0.50;0.58;0.18;509
0.50;0.56;0.18;498
0.50;0.54;0.18;531
0.52;0.86;0.10;399
0.52;0.84;0.10;349
0.52;0.82;0.10;338
0.52;0.80;0.10;329
0.52;0.78;0.10;328
0.52;0.76;0.10;328
0.52;0.74;0.10;329
0.52;0.72;0.10;329
0.52;0.70;0.10;330
0.52;0.68;0.10;330
0.52;0.66;0.10;331
0.52;0.64;0.10;331
0.52;0.62;0.10;332
0.52;0.60;0.10;332
0.52;0.58;0.10;333
0.52;0.56;0.10;333
0.52;0.54;0.10;334
0.52;0.52;0.10;334
0.52;0.50;0.10;335
0.52;0.48;0.10;335
0.52;0.46;0.10;336
0.52;0.44;0.10;336
0.52;0.42;0.10;336
0.52;0.40;0.10;337
0.52;0.38;0.10;337
0.52;0.36;0.10;338
0.52;0.34;0.10;350
0.52;0.32;0.10;381
0.52;0.30;0.10;506
0.52;0.84;0.12;281
0.52;0.82;0.12;284
0.52;0.80;0.12;286
0.52;0.78;0.12;288
0.52;0.76;0.12;289
0.52;0.74;0.12;290
0.52;0.72;0.12;291
0.52;0.70;0.12;291
0.52;0.68;0.12;291
0.52;0.66;0.12;291
0.52;0.64;0.12;292
0.52;0.62;0.12;292
0.52;0.60;0.12;293
0.52;0.58;0.12;294
0.52;0.56;0.12;295
0.52;0.54;0.12;297
0.52;0.52;0.12;300
0.52;0.50;0.12;303
0.52;0.48;0.12;307
0.52;0.46;0.12;312
0.52;0.44;0.12;318
0.52;0.42;0.12;327
0.52;0.40;0.12;339
0.52;0.38;0.12;356
0.52;0.36;0.12;386
0.52;0.34;0.12;501
0.52;0.82;0.14;316
0.52;0.80;0.14;316
0.52;0.78;0.14;314
0.52;0.76;0.14;314
0.52;0.74;0.14;313
0.52;0.72;0.14;312
0.52;0.70;0.14;311
0.52;0.68;0.14;310
0.52;0.66;0.14;309
0.52;0.64;0.14;309
0.52;0.62;0.14;309
0.52;0.60;0.14;310
0.52;0.58;0.14;311
0.52;0.56;0.14;312
0.52;0.54;0.14;315
0.52;0.52;0.14;318
0.52;0.50;0.14;323
0.52;0.48;0.14;329
0.52;0.46;0.14;337
0.52;0.44;0.14;349
0.52;0.42;0.14;366
0.52;0.40;0.14;397
0.52;0.38;0.14;546
0.52;0.80;0.16;373
0.52;0.78;0.16;363
0.52;0.76;0.16;355
0.52;0.74;0.16;350
0.52;0.72;0.16;345
0.52;0.70;0.16;341
0.52;0.68;0.16;338
0.52;0.66;0.16;336
0.52;0.64;0.16;334
0.52;0.62;0.16;333
0.52;0.60;0.16;333
0.52;0.58;0.16;335
0.52;0.56;0.16;337
0.52;0.54;0.16;341
0.52;0.52;0.16;347
0.52;0.50;0.16;355
0.52;0.48;0.16;367
0.52;0.46;0.16;387
0.52;0.44;0.16;428
0.52;0.74;0.18;544
0.52;0.72;0.18;443
0.52;0.70;0.18;413
0.52;0.68;0.18;397
0.52;0.66;0.18;387
0.52;0.64;0.18;381
0.52;0.62;0.18;378
0.52;0.60;0.18;377
0.52;0.58;0.18;379
0.52;0.56;0.18;385
0.52;0.54;0.18;395
0.52;0.52;0.18;413
0.52;0.50;0.18;454
0.54;0.86;0.10;408
0.54;0.84;0.10;350
0.54;0.82;0.10;339
0.54;0.80;0.10;330
0.54;0.78;0.10;327
0.54;0.76;0.10;327
0.54;0.74;0.10;328
0.54;0.72;0.10;329
0.54;0.70;0.10;329
0.54;0.68;0.10;330
0.54;0.66;0.10;330
0.54;0.64;0.10;331
0.54;0.62;0.10;331
0.54;0.60;0.10;332
0.54;0.58;0.10;332
0.54;0.56;0.10;333
0.54;0.54;0.10;333
0.54;0.52;0.10;334
0.54;0.50;0.10;335
0.54;0.48;0.10;335
0.54;0.46;0.10;336
0.54;0.44;0.10;336
0.54;0.42;0.10;337
0.54;0.40;0.10;337
0.54;0.38;0.10;338
0.54;0.36;0.10;346
0.54;0.34;0.10;377
0.54;0.32;0.10;487
0.54;0.84;0.12;265
0.54;0.82;0.12;268
0.54;0.80;0.12;270
0.54;0.78;0.12;272
0.54;0.76;0.12;274
0.54;0.74;0.12;275
0.54;0.72;0.12;277
0.54;0.70;0.12;278
0.54;0.68;0.12;279
0.54;0.66;0.12;281
0.54;0.64;0.12;282
0.54;0.62;0.12;283
0.54;0.60;0.12;285
0.54;0.58;0.12;287
0.54;0.56;0.12;289
0.54;0.54;0.12;292
0.54;0.52;0.12;295
0.54;0.50;0.12;300
0.54;0.48;0.12;305
0.54;0.46;0.12;311
0.54;0.44;0.12;319
0.54;0.42;0.12;330
0.54;0.40;0.12;346
0.54;0.38;0.12;371
0.54;0.36;0.12;433
0.54;0.82;0.14;289
0.54;0.80;0.14;290
0.54;0.78;0.14;291
0.54;0.76;0.14;291
0.54;0.74;0.14;292
0.54;0.72;0.14;293
0.54;0.70;0.14;293
0.54;0.68;0.14;294
0.54;0.66;0.14;295
0.54;0.64;0.14;296
0.54;0.62;0.14;297
0.54;0.60;0.14;299
0.54;0.58;0.14;301
0.54;0.56;0.14;304
0.54;0.54;0.14;307
0.54;0.52;0.14;312
0.54;0.50;0.14;317
0.54;0.48;0.14;325
0.54;0.46;0.14;335
0.54;0.44;0.14;349
0.54;0.42;0.14;371
0.54;0.40;0.14;417
0.54;0.80;0.16;318
0.54;0.78;0.16;317
0.54;0.76;0.16;314
0.54;0.74;0.16;313
0.54;0.72;0.16;313
0.54;0.70;0.16;313
0.54;0.68;0.16;313
0.54;0.66;0.16;313
0.54;0.64;0.16;313
0.54;0.62;0.16;315
0.54;0.60;0.16;317
0.54;0.58;0.16;319
0.54;0.56;0.16;323
0.54;0.54;0.16;328
0.54;0.52;0.16;335
0.54;0.50;0.16;344
0.54;0.48;0.16;357
0.54;0.46;0.16;378
0.54;0.44;0.16;420
0.54;0.78;0.18;362
0.54;0.76;0.18;353
0.54;0.74;0.18;346
0.54;0.72;0.18;343
0.54;0.70;0.18;341
0.54;0.68;0.18;339
0.54;0.66;0.18;338
0.54;0.64;0.18;339
0.54;0.62;0.18;340
0.54;0.60;0.18;343
0.54;0.58;0.18;347
0.54;0.56;0.18;353
0.54;0.54;0.18;362
0.54;0.52;0.18;376
0.54;0.50;0.18;399
0.54;0.48;0.18;457
0.54;0.74;0.20;637
0.54;0.72;0.20;456
0.54;0.70;0.20;425
0.54;0.68;0.20;409
0.54;0.66;0.20;401
0.54;0.64;0.20;397
0.54;0.62;0.20;397
0.54;0.60;0.20;401
0.54;0.58;0.20;411
0.54;0.56;0.20;433
0.54;0.54;0.20;497
0.56;0.86;0.10;418
0.56;0.84;0.10;350
0.56;0.82;0.10;340
0.56;0.80;0.10;331
0.56;0.78;0.10;326
0.56;0.76;0.10;327
0.56;0.74;0.10;327
0.56;0.72;0.10;328
0.56;0.70;0.10;328
0.56;0.68;0.10;329
0.56;0.66;0.10;330
0.56;0.64;0.10;330
0.56;0.62;0.10;331
0.56;0.60;0.10;332
0.56;0.58;0.10;332
0.56;0.56;0.10;333
0.56;0.54;0.10;333
0.56;0.52;0.10;334
0.56;0.50;0.10;335
0.56;0.48;0.10;335
0.56;0.46;0.10;336
0.56;0.44;0.10;337
0.56;0.42;0.10;337
0.56;0.40;0.10;338
0.56;0.38;0.10;338
0.56;0.36;0.10;365
0.56;0.34;0.10;433
0.56;0.84;0.12;252
0.56;0.82;0.12;255
0.56;0.80;0.12;258
0.56;0.78;0.12;260
0.56;0.76;0.12;262
0.56;0.74;0.12;264
0.56;0.72;0.12;266
0.56;0.70;0.12;268
0.56;0.68;0.12;270
0.56;0.66;0.12;272
0.56;0.64;0.12;274
0.56;0.62;0.12;276
0.56;0.60;0.12;278
0.56;0.58;0.12;281
0.56;0.56;0.12;284
0.56;0.54;0.12;287
0.56;0.52;0.12;292
0.56;0.50;0.12;297
0.56;0.48;0.12;303
0.56;0.46;0.12;310
0.56;0.44;0.12;320
0.56;0.42;0.12;334
0.56;0.40;0.12;354
0.56;0.38;0.12;392
0.56;0.82;0.14;272
0.56;0.80;0.14;274
0.56;0.78;0.14;276
0.56;0.76;0.14;276
0.56;0.74;0.14;278
0.56;0.72;0.14;279
0.56;0.70;0.14;280
0.56;0.68;0.14;282
0.56;0.66;0.14;284
0.56;0.64;0.14;285
0.56;0.62;0.14;288
0.56;0.60;0.14;290
0.56;0.58;0.14;293
0.56;0.56;0.14;296
0.56;0.54;0.14;301
0.56;0.52;0.14;306
0.56;0.50;0.14;313
0.56;0.48;0.14;321
0.56;0.46;0.14;332
0.56;0.44;0.14;349
0.56;0.42;0.14;376
0.56;0.40;0.14;449
0.56;0.80;0.16;293
0.56;0.78;0.16;294
0.56;0.76;0.16;293
0.56;0.74;0.16;293
0.56;0.72;0.16;294
0.56;0.70;0.16;295
0.56;0.68;0.16;296
0.56;0.66;0.16;297
0.56;0.64;0.16;299
0.56;0.62;0.16;301
0.56;0.60;0.16;304
0.56;0.58;0.16;308
0.56;0.56;0.16;312
0.56;0.54;0.16;318
0.56;0.52;0.16;325
0.56;0.50;0.16;335
0.56;0.48;0.16;349
0.56;0.46;0.16;370
0.56;0.44;0.16;414
0.56;0.78;0.18;317
0.56;0.76;0.18;316
0.56;0.74;0.18;315
0.56;0.72;0.18;315
0.56;0.70;0.18;315
0.56;0.68;0.18;315
0.56;0.66;0.18;316
0.56;0.64;0.18;318
0.56;0.62;0.18;320
0.56;0.60;0.18;323
0.56;0.58;0.18;328
0.56;0.56;0.18;334
0.56;0.54;0.18;342
0.56;0.52;0.18;355
0.56;0.50;0.18;373
0.56;0.48;0.18;409
0.56;0.76;0.20;361
0.56;0.74;0.20;358
0.56;0.72;0.20;355
0.56;0.70;0.20;353
0.56;0.68;0.20;352
0.56;0.66;0.20;353
0.56;0.64;0.20;355
0.56;0.62;0.20;358
0.56;0.60;0.20;364
0.56;0.58;0.20;373
0.56;0.56;0.20;388
0.56;0.54;0.20;416
0.56;0.52;0.20;519
0.58;0.86;0.10;430
0.58;0.84;0.10;351
0.58;0.82;0.10;341
0.58;0.80;0.10;332
0.58;0.78;0.10;326
0.58;0.76;0.10;326
0.58;0.74;0.10;327
0.58;0.72;0.10;327
0.58;0.70;0.10;328
0.58;0.68;0.10;329
0.58;0.66;0.10;329
0.58;0.64;0.10;330
0.58;0.62;0.10;331
0.58;0.60;0.10;331
0.58;0.58;0.10;332
0.58;0.56;0.10;333
0.58;0.54;0.10;333
0.58;0.52;0.10;334
0.58;0.50;0.10;335
0.58;0.48;0.10;335
0.58;0.46;0.10;336
0.58;0.44;0.10;337
0.58;0.42;0.10;338
0.58;0.40;0.10;338
0.58;0.38;0.10;350
0.58;0.36;0.10;394
0.58;0.84;0.12;243
0.58;0.82;0.12;246
0.58;0.80;0.12;248
0.58;0.78;0.12;251
0.58;0.76;0.12;253
0.58;0.74;0.12;255
0.58;0.72;0.12;257
0.58;0.70;0.12;260
0.58;0.68;0.12;262
0.58;0.66;0.12;264
0.58;0.64;0.12;267
0.58;0.62;0.12;269
0.58;0.60;0.12;272
0.58;0.58;0.12;275
0.58;0.56;0.12;279
0.58;0.54;0.12;283
0.58;0.52;0.12;288
0.58;0.50;0.12;294
0.58;0.48;0.12;301
0.58;0.46;0.12;310
0.58;0.44;0.12;321
0.58;0.42;0.12;337
0.58;0.40;0.12;363
0.58;0.38;0.12;428
0.58;0.82;0.14;260
0.58;0.80;0.14;262
0.58;0.78;0.14;264
0.58;0.76;0.14;266
0.58;0.74;0.14;267
0.58;0.72;0.14;268
0.58;0.70;0.14;270
0.58;0.68;0.14;272
0.58;0.66;0.14;275
0.58;0.64;0.14;277
0.58;0.62;0.14;280
0.58;0.60;0.14;283
0.58;0.58;0.14;286
0.58;0.56;0.14;290
0.58;0.54;0.14;295
0.58;0.52;0.14;301
0.58;0.50;0.14;308
0.58;0.48;0.14;318
0.58;0.46;0.14;330
0.58;0.44;0.14;349
0.58;0.42;0.14;381
0.58;0.40;0.14;549
0.58;0.80;0.16;277
0.58;0.78;0.16;278
0.58;0.76;0.16;279
0.58;0.74;0.16;280
0.58;0.72;0.16;281
0.58;0.70;0.16;282
0.58;0.68;0.16;284
0.58;0.66;0.16;286
0.58;0.64;0.16;288
0.58;0.62;0.16;291
0.58;0.60;0.16;294
0.58;0.58;0.16;299
0.58;0.56;0.16;303
0.58;0.54;0.16;310
0.58;0.52;0.16;317
0.58;0.50;0.16;327
0.58;0.48;0.16;342
0.58;0.46;0.16;363
0.58;0.44;0.16;408
0.58;0.78;0.18;295
0.58;0.76;0.18;297
0.58;0.74;0.18;298
0.58;0.72;0.18;299
0.58;0.70;0.18;300
0.58;0.68;0.18;302
0.58;0.66;0.18;304
0.58;0.64;0.18;307
0.58;0.62;0.18;310
0.58;0.60;0.18;314
0.58;0.58;0.18;319
0.58;0.56;0.18;326
0.58;0.54;0.18;335
0.58;0.52;0.18;348
0.58;0.50;0.18;367
0.58;0.48;0.18;405
0.58;0.76;0.20;324
0.58;0.74;0.20;325
0.58;0.72;0.20;325
0.58;0.70;0.20;326
0.58;0.68;0.20;328
0.58;0.66;0.20;330
0.58;0.64;0.20;334
0.58;0.62;0.20;338
0.58;0.60;0.20;345
0.58;0.58;0.20;354
0.58;0.56;0.20;368
0.58;0.54;0.20;390
0.58;0.52;0.20;442
0.58;0.74;0.22;378
0.58;0.72;0.22;377
0.58;0.70;0.22;377
0.58;0.68;0.22;379
0.58;0.66;0.22;383
0.58;0.64;0.22;390
0.58;0.62;0.22;404
0.58;0.60;0.22;429
0.58;0.58;0.22;516
0.60;0.86;0.10;443
0.60;0.84;0.10;354
0.60;0.82;0.10;341
0.60;0.80;0.10;333
0.60;0.78;0.10;327
0.60;0.76;0.10;326
0.60;0.74;0.10;326
0.60;0.72;0.10;327
0.60;0.70;0.10;328
0.60;0.68;0.10;328
0.60;0.66;0.10;329
0.60;0.64;0.10;330
0.60;0.62;0.10;331
0.60;0.60;0.10;331
0.60;0.58;0.10;332
0.60;0.56;0.10;333
0.60;0.54;0.10;334
0.60;0.52;0.10;334
0.60;0.50;0.10;335
0.60;0.48;0.10;336
0.60;0.46;0.10;337
0.60;0.44;0.10;337
0.60;0.42;0.10;338
0.60;0.40;0.10;339
0.60;0.38;0.10;364
0.60;0.36;0.10;465
0.60;0.84;0.12;235
0.60;0.82;0.12;238
0.60;0.80;0.12;241
0.60;0.78;0.12;243
0.60;0.76;0.12;246
0.60;0.74;0.12;248
0.60;0.72;0.12;250
0.60;0.70;0.12;252
0.60;0.68;0.12;255
0.60;0.66;0.12;258
0.60;0.64;0.12;261
0.60;0.62;0.12;264
0.60;0.60;0.12;267
0.60;0.58;0.12;270
0.60;0.56;0.12;274
0.60;0.54;0.12;279
0.60;0.52;0.12;285
0.60;0.50;0.12;291
0.60;0.48;0.12;299
0.60;0.46;0.12;309
0.60;0.44;0.12;322
0.60;0.42;0.12;341
0.60;0.40;0.12;374
0.60;0.82;0.14;251
0.60;0.80;0.14;253
0.60;0.78;0.14;255
0.60;0.76;0.14;257
0.60;0.74;0.14;259
0.60;0.72;0.14;260
0.60;0.70;0.14;262
0.60;0.68;0.14;264
0.60;0.66;0.14;267
0.60;0.64;0.14;270
0.60;0.62;0.14;273
0.60;0.60;0.14;276
0.60;0.58;0.14;280
0.60;0.56;0.14;285
0.60;0.54;0.14;290
0.60;0.52;0.14;296
0.60;0.50;0.14;304
0.60;0.48;0.14;314
0.60;0.46;0.14;328
0.60;0.44;0.14;348
0.60;0.42;0.14;387
0.60;0.80;0.16;265
0.60;0.78;0.16;267
0.60;0.76;0.16;268
0.60;0.74;0.16;270
0.60;0.72;0.16;272
0.60;0.70;0.16;275
0.60;0.68;0.16;277
0.60;0.66;0.16;279
0.60;0.64;0.16;282
0.60;0.62;0.16;285
0.60;0.60;0.16;289
0.60;0.58;0.16;294
0.60;0.56;0.16;299
0.60;0.54;0.16;306
0.60;0.52;0.16;314
0.60;0.50;0.16;326
0.60;0.48;0.16;342
0.60;0.46;0.16;368
0.60;0.44;0.16;434
0.60;0.78;0.18;282
0.60;0.76;0.18;284
0.60;0.74;0.18;286
0.60;0.72;0.18;288
0.60;0.70;0.18;290
0.60;0.68;0.18;292
0.60;0.66;0.18;295
0.60;0.64;0.18;298
0.60;0.62;0.18;302
0.60;0.60;0.18;307
0.60;0.58;0.18;313
0.60;0.56;0.18;320
0.60;0.54;0.18;330
0.60;0.52;0.18;344
0.60;0.50;0.18;366
0.60;0.48;0.18;411
0.60;0.76;0.20;304
0.60;0.74;0.20;306
0.60;0.72;0.20;308
0.60;0.70;0.20;310
0.60;0.68;0.20;313
0.60;0.66;0.20;316
0.60;0.64;0.20;320
0.60;0.62;0.20;325
0.60;0.60;0.20;332
0.60;0.58;0.20;342
0.60;0.56;0.20;355
0.60;0.54;0.20;376
0.60;0.52;0.20;420
0.60;0.74;0.22;336
0.60;0.72;0.22;338
0.60;0.70;0.22;341
0.60;0.68;0.22;344
0.60;0.66;0.22;349
0.60;0.64;0.22;356
0.60;0.62;0.22;366
0.60;0.60;0.22;382
0.60;0.58;0.22;409
0.60;0.56;0.22;504
0.60;0.72;0.24;413
0.60;0.70;0.24;420
0.60;0.68;0.24;433
0.60;0.66;0.24;460
0.60;0.64;0.24;740
0.62;0.86;0.10;457
0.62;0.84;0.10;357
0.62;0.82;0.10;342
0.62;0.80;0.10;334
0.62;0.78;0.10;328
0.62;0.76;0.10;325
0.62;0.74;0.10;326
0.62;0.72;0.10;327
0.62;0.70;0.10;328
0.62;0.68;0.10;328
0.62;0.66;0.10;329
0.62;0.64;0.10;330
0.62;0.62;0.10;331
0.62;0.60;0.10;331
0.62;0.58;0.10;332
0.62;0.56;0.10;333
0.62;0.54;0.10;334
0.62;0.52;0.10;335
0.62;0.50;0.10;335
0.62;0.48;0.10;336
0.62;0.46;0.10;337
0.62;0.44;0.10;338
0.62;0.42;0.10;339
0.62;0.40;0.10;341
0.62;0.38;0.10;384
0.62;0.84;0.12;229
0.62;0.82;0.12;233
0.62;0.80;0.12;235
0.62;0.78;0.12;238
0.62;0.76;0.12;240
0.62;0.74;0.12;243
0.62;0.72;0.12;245
0.62;0.70;0.12;247
0.62;0.68;0.12;250
0.62;0.66;0.12;252
0.62;0.64;0.12;255
0.62;0.62;0.12;258
0.62;0.60;0.12;262
0.62;0.58;0.12;266
0.62;0.56;0.12;270
0.62;0.54;0.12;275
0.62;0.52;0.12;281
0.62;0.50;0.12;288
0.62;0.48;0.12;297
0.62;0.46;0.12;308
0.62;0.44;0.12;322
0.62;0.42;0.12;345
0.62;0.40;0.12;389
0.62;0.82;0.14;243
0.62;0.80;0.14;245
0.62;0.78;0.14;248
0.62;0.76;0.14;250
0.62;0.74;0.14;252
0.62;0.72;0.14;254
0.62;0.70;0.14;256
0.62;0.68;0.14;259
0.62;0.66;0.14;262
0.62;0.64;0.14;265
0.62;0.62;0.14;268
0.62;0.60;0.14;272
0.62;0.58;0.14;276
0.62;0.56;0.14;281
0.62;0.54;0.14;287
0.62;0.52;0.14;294
0.62;0.50;0.14;303
0.62;0.48;0.14;314
0.62;0.46;0.14;330
0.62;0.44;0.14;356
0.62;0.42;0.14;415
0.62;0.80;0.16;256
0.62;0.78;0.16;259
0.62;0.76;0.16;261
0.62;0.74;0.16;264
0.62;0.72;0.16;266
0.62;0.70;0.16;268
0.62;0.68;0.16;271
0.62;0.66;0.16;274
0.62;0.64;0.16;277
0.62;0.62;0.16;281
0.62;0.60;0.16;285
0.62;0.58;0.16;290
0.62;0.56;0.16;296
0.62;0.54;0.16;304
0.62;0.52;0.16;314
0.62;0.50;0.16;326
0.62;0.48;0.16;345
0.62;0.46;0.16;378
0.62;0.78;0.18;273
0.62;0.76;0.18;275
0.62;0.74;0.18;277
0.62;0.72;0.18;280
0.62;0.70;0.18;282
0.62;0.68;0.18;285
0.62;0.66;0.18;288
0.62;0.64;0.18;292
0.62;0.62;0.18;296
0.62;0.60;0.18;302
0.62;0.58;0.18;308
0.62;0.56;0.18;316
0.62;0.54;0.18;327
0.62;0.52;0.18;343
0.62;0.50;0.18;367
0.62;0.48;0.18;425
0.62;0.76;0.20;291
0.62;0.74;0.20;294
0.62;0.72;0.20;296
0.62;0.70;0.20;299
0.62;0.68;0.20;302
0.62;0.66;0.20;306
0.62;0.64;0.20;311
0.62;0.62;0.20;316
0.62;0.60;0.20;324
0.62;0.58;0.20;333
0.62;0.56;0.20;347
0.62;0.54;0.20;368
0.62;0.52;0.20;410
0.62;0.74;0.22;316
0.62;0.72;0.22;318
0.62;0.70;0.22;322
0.62;0.68;0.22;326
0.62;0.66;0.22;331
0.62;0.64;0.22;338
0.62;0.62;0.22;347
0.62;0.60;0.22;361
0.62;0.58;0.22;382
0.62;0.56;0.22;426
0.62;0.72;0.24;355
0.62;0.70;0.24;360
0.62;0.68;0.24;368
0.62;0.66;0.24;379
0.62;0.64;0.24;396
0.62;0.62;0.24;430
0.64;0.86;0.10;473
0.64;0.84;0.10;360
0.64;0.82;0.10;342
0.64;0.80;0.10;335
0.64;0.78;0.10;329
0.64;0.76;0.10;326
0.64;0.74;0.10;326
0.64;0.72;0.10;327
0.64;0.70;0.10;328
0.64;0.68;0.10;329
0.64;0.66;0.10;329
0.64;0.64;0.10;330
0.64;0.62;0.10;331
0.64;0.60;0.10;332
0.64;0.58;0.10;333
0.64;0.56;0.10;333
0.64;0.54;0.10;334
0.64;0.52;0.10;335
0.64;0.50;0.10;336
0.64;0.48;0.10;337
0.64;0.46;0.10;338
0.64;0.44;0.10;338
0.64;0.42;0.10;339
0.64;0.40;0.10;349
0.64;0.38;0.10;417
0.64;0.84;0.12;226
0.64;0.82;0.12;228
0.64;0.80;0.12;231
0.64;0.78;0.12;234
0.64;0.76;0.12;236
0.64;0.74;0.12;239
0.64;0.72;0.12;241
0.64;0.70;0.12;244
0.64;0.68;0.12;246
0.64;0.66;0.12;249
0.64;0.64;0.12;252
0.64;0.62;0.12;255
0.64;0.60;0.12;258
0.64;0.58;0.12;262
0.64;0.56;0.12;267
0.64;0.54;0.12;272
0.64;0.52;0.12;279
0.64;0.50;0.12;287
0.64;0.48;0.12;296
0.64;0.46;0.12;308
0.64;0.44;0.12;326
0.64;0.42;0.12;354
0.64;0.40;0.12;435
0.64;0.82;0.14;236
0.64;0.80;0.14;239
0.64;0.78;0.14;242
0.64;0.76;0.14;244
0.64;0.74;0.14;247
0.64;0.72;0.14;249
0.64;0.70;0.14;252
0.64;0.68;0.14;255
0.64;0.66;0.14;258
0.64;0.64;0.14;262
0.64;0.62;0.14;265
0.64;0.60;0.14;270
0.64;0.58;0.14;274
0.64;0.56;0.14;280
0.64;0.54;0.14;286
0.64;0.52;0.14;294
0.64;0.50;0.14;304
0.64;0.48;0.14;318
0.64;0.46;0.14;337
0.64;0.44;0.14;371
0.64;0.80;0.16;250
0.64;0.78;0.16;253
0.64;0.76;0.16;255
0.64;0.74;0.16;258
0.64;0.72;0.16;261
0.64;0.70;0.16;263
0.64;0.68;0.16;266
0.64;0.66;0.16;270
0.64;0.64;0.16;273
0.64;0.62;0.16;278
0.64;0.60;0.16;282
0.64;0.58;0.16;288
0.64;0.56;0.16;295
0.64;0.54;0.16;303
0.64;0.52;0.16;314
0.64;0.50;0.16;329
0.64;0.48;0.16;351
0.64;0.46;0.16;397
0.64;0.78;0.18;265
0.64;0.76;0.18;268
0.64;0.74;0.18;270
0.64;0.72;0.18;273
0.64;0.70;0.18;276
0.64;0.68;0.18;279
0.64;0.66;0.18;283
0.64;0.64;0.18;287
0.64;0.62;0.18;292
0.64;0.60;0.18;298
0.64;0.58;0.18;305
0.64;0.56;0.18;314
0.64;0.54;0.18;326
0.64;0.52;0.18;343
0.64;0.50;0.18;372
0.64;0.48;0.18;458
0.64;0.76;0.20;282
0.64;0.74;0.20;285
0.64;0.72;0.20;287
0.64;0.70;0.20;291
0.64;0.68;0.20;294
0.64;0.66;0.20;299
0.64;0.64;0.20;304
0.64;0.62;0.20;310
0.64;0.60;0.20;318
0.64;0.58;0.20;328
0.64;0.56;0.20;342
0.64;0.54;0.20;364
0.64;0.52;0.20;409
0.64;0.74;0.22;302
0.64;0.72;0.22;305
0.64;0.70;0.22;309
0.64;0.68;0.22;314
0.64;0.66;0.22;319
0.64;0.64;0.22;326
0.64;0.62;0.22;335
0.64;0.60;0.22;348
0.64;0.58;0.22;367
0.64;0.56;0.22;404
0.64;0.72;0.24;331
0.64;0.70;0.24;336
0.64;0.68;0.24;343
0.64;0.66;0.24;352
0.64;0.64;0.24;365
0.64;0.62;0.24;385
0.64;0.60;0.24;426
0.64;0.70;0.26;392
0.64;0.68;0.26;412
0.64;0.66;0.26;454
0.66;0.86;0.10;491
0.66;0.84;0.10;362
0.66;0.82;0.10;343
0.66;0.80;0.10;336
0.66;0.78;0.10;331
0.66;0.76;0.10;326
0.66;0.74;0.10;327
0.66;0.72;0.10;328
0.66;0.70;0.10;329
0.66;0.68;0.10;329
0.66;0.66;0.10;330
0.66;0.64;0.10;331
0.66;0.62;0.10;332
0.66;0.60;0.10;332
0.66;0.58;0.10;333
0.66;0.56;0.10;334
0.66;0.54;0.10;335
0.66;0.52;0.10;336
0.66;0.50;0.10;337
0.66;0.48;0.10;337
0.66;0.46;0.10;338
0.66;0.44;0.10;339
0.66;0.42;0.10;340
0.66;0.40;0.10;361
0.66;0.84;0.12;226
0.66;0.82;0.12;224
0.66;0.80;0.12;227
0.66;0.78;0.12;230
0.66;0.76;0.12;232
0.66;0.74;0.12;235
0.66;0.72;0.12;238
0.66;0.70;0.12;241
0.66;0.68;0.12;244
0.66;0.66;0.12;247
0.66;0.64;0.12;250
0.66;0.62;0.12;253
0.66;0.60;0.12;257
0.66;0.58;0.12;261
0.66;0.56;0.12;266
0.66;0.54;0.12;272
0.66;0.52;0.12;279
0.66;0.50;0.12;288
0.66;0.48;0.12;299
0.66;0.46;0.12;314
0.66;0.44;0.12;335
0.66;0.42;0.12;377
0.66;0.82;0.14;232
0.66;0.80;0.14;235
0.66;0.78;0.14;238
0.66;0.76;0.14;240
0.66;0.74;0.14;243
0.66;0.72;0.14;245
0.66;0.70;0.14;249
0.66;0.68;0.14;252
0.66;0.66;0.14;255
0.66;0.64;0.14;259
0.66;0.62;0.14;263
0.66;0.60;0.14;268
0.66;0.58;0.14;273
0.66;0.56;0.14;279
0.66;0.54;0.14;286
0.66;0.52;0.14;295
0.66;0.50;0.14;307
0.66;0.48;0.14;322
0.66;0.46;0.14;346
0.66;0.44;0.14;399
0.66;0.80;0.16;245
0.66;0.78;0.16;248
0.66;0.76;0.16;251
0.66;0.74;0.16;253
0.66;0.72;0.16;256
0.66;0.70;0.16;259
0.66;0.68;0.16;263
0.66;0.66;0.16;266
0.66;0.64;0.16;270
0.66;0.62;0.16;275
0.66;0.60;0.16;280
0.66;0.58;0.16;286
0.66;0.56;0.16;294
0.66;0.54;0.16;303
0.66;0.52;0.16;315
0.66;0.50;0.16;332
0.66;0.48;0.16;360
0.66;0.46;0.16;438
0.66;0.78;0.18;259
0.66;0.76;0.18;262
0.66;0.74;0.18;265
0.66;0.72;0.18;268
0.66;0.70;0.18;271
0.66;0.68;0.18;275
0.66;0.66;0.18;279
0.66;0.64;0.18;283
0.66;0.62;0.18;289
0.66;0.60;0.18;295
0.66;0.58;0.18;303
0.66;0.56;0.18;313
0.66;0.54;0.18;326
0.66;0.52;0.18;345
0.66;0.50;0.18;380
0.66;0.76;0.20;275
0.66;0.74;0.20;278
0.66;0.72;0.20;281
0.66;0.70;0.20;284
0.66;0.68;0.20;288
0.66;0.66;0.20;293
0.66;0.64;0.20;299
0.66;0.62;0.20;305
0.66;0.60;0.20;314
0.66;0.58;0.20;324
0.66;0.56;0.20;339
0.66;0.54;0.20;363
0.66;0.52;0.20;416
0.66;0.74;0.22;293
0.66;0.72;0.22;296
0.66;0.70;0.22;301
0.66;0.68;0.22;305
0.66;0.66;0.22;311
0.66;0.64;0.22;318
0.66;0.62;0.22;328
0.66;0.60;0.22;340
0.66;0.58;0.22;359
0.66;0.56;0.22;394
0.66;0.72;0.24;317
0.66;0.70;0.24;322
0.66;0.68;0.24;329
0.66;0.66;0.24;337
0.66;0.64;0.24;349
0.66;0.62;0.24;366
0.66;0.60;0.24;395
0.66;0.58;0.24;505
0.66;0.70;0.26;357
0.66;0.68;0.26;369
0.66;0.66;0.26;387
0.66;0.64;0.26;424
0.68;0.86;0.10;508
0.68;0.84;0.10;365
0.68;0.82;0.10;343
0.68;0.80;0.10;337
0.68;0.78;0.10;332
0.68;0.76;0.10;327
0.68;0.74;0.10;328
0.68;0.72;0.10;329
0.68;0.70;0.10;330
0.68;0.68;0.10;330
0.68;0.66;0.10;331
0.68;0.64;0.10;332
0.68;0.62;0.10;333
0.68;0.60;0.10;333
0.68;0.58;0.10;334
0.68;0.56;0.10;335
0.68;0.54;0.10;336
0.68;0.52;0.10;337
0.68;0.50;0.10;338
0.68;0.48;0.10;338
0.68;0.46;0.10;339
0.68;0.44;0.10;340
0.68;0.42;0.10;341
0.68;0.40;0.10;400
0.68;0.84;0.12;226
0.68;0.82;0.12;224
0.68;0.80;0.12;224
0.68;0.78;0.12;227
0.68;0.76;0.12;230
0.68;0.74;0.12;233
0.68;0.72;0.12;236
0.68;0.70;0.12;239
0.68;0.68;0.12;242
0.68;0.66;0.12;245
0.68;0.64;0.12;248
0.68;0.62;0.12;252
0.68;0.60;0.12;256
0.68;0.58;0.12;260
0.68;0.56;0.12;266
0.68;0.54;0.12;272
0.68;0.52;0.12;280
0.68;0.50;0.12;290
0.68;0.48;0.12;303
0.68;0.46;0.12;320
0.68;0.44;0.12;349
0.68;0.42;0.12;430
0.68;0.82;0.14;230
0.68;0.80;0.14;233
0.68;0.78;0.14;235
0.68;0.76;0.14;238
0.68;0.74;0.14;241
0.68;0.72;0.14;243
0.68;0.70;0.14;246
0.68;0.68;0.14;249
0.68;0.66;0.14;253
0.68;0.64;0.14;257
0.68;0.62;0.14;261
0.68;0.60;0.14;266
0.68;0.58;0.14;272
0.68;0.56;0.14;279
0.68;0.54;0.14;287
0.68;0.52;0.14;297
0.68;0.50;0.14;310
0.68;0.48;0.14;329
0.68;0.46;0.14;361
0.68;0.44;0.14;497
0.68;0.80;0.16;241
0.68;0.78;0.16;244
0.68;0.76;0.16;247
0.68;0.74;0.16;250
0.68;0.72;0.16;253
0.68;0.70;0.16;256
0.68;0.68;0.16;260
0.68;0.66;0.16;264
0.68;0.64;0.16;268
0.68;0.62;0.16;273
0.68;0.60;0.16;279
0.68;0.58;0.16;286
0.68;0.56;0.16;294
0.68;0.54;0.16;304
0.68;0.52;0.16;318
0.68;0.50;0.16;338
0.68;0.48;0.16;376
0.68;0.78;0.18;254
0.68;0.76;0.18;258
0.68;0.74;0.18;261
0.68;0.72;0.18;264
0.68;0.70;0.18;267
0.68;0.68;0.18;271
0.68;0.66;0.18;276
0.68;0.64;0.18;281
0.68;0.62;0.18;286
0.68;0.60;0.18;293
0.68;0.58;0.18;302
0.68;0.56;0.18;313
0.68;0.54;0.18;328
0.68;0.52;0.18;350
0.68;0.50;0.18;397
0.68;0.76;0.20;269
0.68;0.74;0.20;272
0.68;0.72;0.20;276
0.68;0.70;0.20;280
0.68;0.68;0.20;284
0.68;0.66;0.20;289
0.68;0.64;0.20;295
0.68;0.62;0.20;302
0.68;0.60;0.20;311
0.68;0.58;0.20;323
0.68;0.56;0.20;339
0.68;0.54;0.20;366
0.68;0.52;0.20;438
0.68;0.74;0.22;286
0.68;0.72;0.22;290
0.68;0.70;0.22;294
0.68;0.68;0.22;299
0.68;0.66;0.22;306
0.68;0.64;0.22;313
0.68;0.62;0.22;323
0.68;0.60;0.22;336
0.68;0.58;0.22;356
0.68;0.56;0.22;392
0.68;0.72;0.24;307
0.68;0.70;0.24;313
0.68;0.68;0.24;319
0.68;0.66;0.24;328
0.68;0.64;0.24;339
0.68;0.62;0.24;355
0.68;0.60;0.24;382
0.68;0.58;0.24;455
0.68;0.70;0.26;339
0.68;0.68;0.26;349
0.68;0.66;0.26;364
0.68;0.64;0.26;388
0.68;0.62;0.26;447
0.70;0.86;0.10;521
0.70;0.84;0.10;366
0.70;0.82;0.10;344
0.70;0.80;0.10;338
0.70;0.78;0.10;333
0.70;0.76;0.10;329
0.70;0.74;0.10;330
0.70;0.72;0.10;330
0.70;0.70;0.10;331
0.70;0.68;0.10;332
0.70;0.66;0.10;332
0.70;0.64;0.10;333
0.70;0.62;0.10;334
0.70;0.60;0.10;335
0.70;0.58;0.10;336
0.70;0.56;0.10;336
0.70;0.54;0.10;337
0.70;0.52;0.10;338
0.70;0.50;0.10;339
0.70;0.48;0.10;340
0.70;0.46;0.10;340
0.70;0.44;0.10;341
0.70;0.42;0.10;358
0.70;0.84;0.12;226
0.70;0.82;0.12;224
0.70;0.80;0.12;222
0.70;0.78;0.12;225
0.70;0.76;0.12;228
0.70;0.74;0.12;231
0.70;0.72;0.12;234
0.70;0.70;0.12;238
0.70;0.68;0.12;241
0.70;0.66;0.12;244
0.70;0.64;0.12;248
0.70;0.62;0.12;252
0.70;0.60;0.12;256
0.70;0.58;0.12;260
0.70;0.56;0.12;266
0.70;0.54;0.12;273
0.70;0.52;0.12;282
0.70;0.50;0.12;293
0.70;0.48;0.12;308
0.70;0.46;0.12;330
0.70;0.44;0.12;372
0.70;0.82;0.14;227
0.70;0.80;0.14;230
0.70;0.78;0.14;233
0.70;0.76;0.14;236
0.70;0.74;0.14;239
0.70;0.72;0.14;242
0.70;0.70;0.14;245
0.70;0.68;0.14;248
0.70;0.66;0.14;252
0.70;0.64;0.14;256
0.70;0.62;0.14;260
0.70;0.60;0.14;266
0.70;0.58;0.14;272
0.70;0.56;0.14;279
0.70;0.54;0.14;288
0.70;0.52;0.14;300
0.70;0.50;0.14;315
0.70;0.48;0.14;339
0.70;0.46;0.14;387
0.70;0.80;0.16;238
0.70;0.78;0.16;241
0.70;0.76;0.16;244
0.70;0.74;0.16;247
0.70;0.72;0.16;250
0.70;0.70;0.16;254
0.70;0.68;0.16;258
0.70;0.66;0.16;262
0.70;0.64;0.16;267
0.70;0.62;0.16;272
0.70;0.60;0.16;278
0.70;0.58;0.16;286
0.70;0.56;0.16;295
0.70;0.54;0.16;307
0.70;0.52;0.16;323
0.70;0.50;0.16;348
0.70;0.48;0.16;406
0.70;0.78;0.18;251
0.70;0.76;0.18;254
0.70;0.74;0.18;257
0.70;0.72;0.18;261
0.70;0.70;0.18;265
0.70;0.68;0.18;269
0.70;0.66;0.18;273
0.70;0.64;0.18;279
0.70;0.62;0.18;285
0.70;0.60;0.18;293
0.70;0.58;0.18;302
0.70;0.56;0.18;314
0.70;0.54;0.18;331
0.70;0.52;0.18;359
0.70;0.50;0.18;436
0.70;0.76;0.20;265
0.70;0.74;0.20;269
0.70;0.72;0.20;272
0.70;0.70;0.20;276
0.70;0.68;0.20;281
0.70;0.66;0.20;286
0.70;0.64;0.20;293
0.70;0.62;0.20;301
0.70;0.60;0.20;310
0.70;0.58;0.20;323
0.70;0.56;0.20;342
0.70;0.54;0.20;374
0.70;0.52;0.20;543
0.70;0.74;0.22;281
0.70;0.72;0.22;285
0.70;0.70;0.22;290
0.70;0.68;0.22;295
0.70;0.66;0.22;302
0.70;0.64;0.22;310
0.70;0.62;0.22;320
0.70;0.60;0.22;334
0.70;0.58;0.22;356
0.70;0.56;0.22;398
0.70;0.72;0.24;300
0.70;0.70;0.24;306
0.70;0.68;0.24;313
0.70;0.66;0.24;322
0.70;0.64;0.24;333
0.70;0.62;0.24;350
0.70;0.60;0.24;377
0.70;0.58;0.24;450
0.72;0.86;0.10;524
0.72;0.84;0.10;368
0.72;0.82;0.10;345
0.72;0.80;0.10;340
0.72;0.78;0.10;335
0.72;0.76;0.10;331
0.72;0.74;0.10;332
0.72;0.72;0.10;332
0.72;0.70;0.10;333
0.72;0.68;0.10;334
0.72;0.66;0.10;335
0.72;0.64;0.10;335
0.72;0.62;0.10;336
0.72;0.60;0.10;337
0.72;0.58;0.10;337
0.72;0.56;0.10;338
0.72;0.54;0.10;339
0.72;0.52;0.10;340
0.72;0.50;0.10;340
0.72;0.48;0.10;341
0.72;0.46;0.10;342
0.72;0.44;0.10;343
0.72;0.42;0.10;406
0.72;0.84;0.12;226
0.72;0.82;0.12;223
0.72;0.80;0.12;223
0.72;0.78;0.12;224
0.72;0.76;0.12;227
0.72;0.74;0.12;230
0.72;0.72;0.12;233
0.72;0.70;0.12;237
0.72;0.68;0.12;241
0.72;0.66;0.12;244
0.72;0.64;0.12;248
0.72;0.62;0.12;253
0.72;0.60;0.12;258
0.72;0.58;0.12;263
0.72;0.56;0.12;269
0.72;0.54;0.12;276
0.72;0.52;0.12;285
0.72;0.50;0.12;297
0.72;0.48;0.12;315
0.72;0.46;0.12;344
0.72;0.44;0.12;425
0.72;0.82;0.14;226
0.72;0.80;0.14;229
0.72;0.78;0.14;232
0.72;0.76;0.14;235
0.72;0.74;0.14;238
0.72;0.72;0.14;242
0.72;0.70;0.14;245
0.72;0.68;0.14;249
0.72;0.66;0.14;252
0.72;0.64;0.14;257
0.72;0.62;0.14;261
0.72;0.60;0.14;266
0.72;0.58;0.14;272
0.72;0.56;0.14;281
0.72;0.54;0.14;291
0.72;0.52;0.14;304
0.72;0.50;0.14;323
0.72;0.48;0.14;354
0.72;0.46;0.14;466
0.72;0.80;0.16;237
0.72;0.78;0.16;240
0.72;0.76;0.16;243
0.72;0.74;0.16;246
0.72;0.72;0.16;249
0.72;0.70;0.16;253
0.72;0.68;0.16;257
0.72;0.66;0.16;261
0.72;0.64;0.16;266
0.72;0.62;0.16;272
0.72;0.60;0.16;279
0.72;0.58;0.16;287
0.72;0.56;0.16;297
0.72;0.54;0.16;311
0.72;0.52;0.16;330
0.72;0.50;0.16;364
0.72;0.78;0.18;248
0.72;0.76;0.18;251
0.72;0.74;0.18;255
0.72;0.72;0.18;259
0.72;0.70;0.18;263
0.72;0.68;0.18;267
0.72;0.66;0.18;272
0.72;0.64;0.18;278
0.72;0.62;0.18;285
0.72;0.60;0.18;293
0.72;0.58;0.18;304
0.72;0.56;0.18;318
0.72;0.54;0.18;338
0.72;0.52;0.18;376
0.72;0.76;0.20;262
0.72;0.74;0.20;266
0.72;0.72;0.20;270
0.72;0.70;0.20;274
0.72;0.68;0.20;279
0.72;0.66;0.20;285
0.72;0.64;0.20;292
0.72;0.62;0.20;301
0.72;0.60;0.20;311
0.72;0.58;0.20;326
0.72;0.56;0.20;348
0.72;0.54;0.20;392
0.72;0.74;0.22;278
0.72;0.72;0.22;282
0.72;0.70;0.22;287
0.72;0.68;0.22;293
0.72;0.66;0.22;300
0.72;0.64;0.22;309
0.72;0.62;0.22;320
0.72;0.60;0.22;336
0.72;0.58;0.22;361
0.72;0.56;0.22;417
0.74;0.86;0.10;516
0.74;0.84;0.10;369
0.74;0.82;0.10;346
0.74;0.80;0.10;341
0.74;0.78;0.10;337
0.74;0.76;0.10;334
0.74;0.74;0.10;335
0.74;0.72;0.10;335
0.74;0.70;0.10;336
0.74;0.68;0.10;337
0.74;0.66;0.10;337
0.74;0.64;0.10;338
0.74;0.62;0.10;339
0.74;0.60;0.10;339
0.74;0.58;0.10;340
0.74;0.56;0.10;340
0.74;0.54;0.10;341
0.74;0.52;0.10;342
0.74;0.50;0.10;342
0.74;0.48;0.10;343
0.74;0.46;0.10;344
0.74;0.44;0.10;377
0.74;0.84;0.12;226
0.74;0.82;0.12;223
0.74;0.80;0.12;223
0.74;0.78;0.12;223
0.74;0.76;0.12;226
0.74;0.74;0.12;229
0.74;0.72;0.12;233
0.74;0.70;0.12;237
0.74;0.68;0.12;241
0.74;0.66;0.12;245
0.74;0.64;0.12;250
0.74;0.62;0.12;255
0.74;0.60;0.12;260
0.74;0.58;0.12;266
0.74;0.56;0.12;274
0.74;0.54;0.12;283
0.74;0.52;0.12;293
0.74;0.50;0.12;307
0.74;0.48;0.12;328
0.74;0.46;0.12;369
0.74;0.82;0.14;224
0.74;0.80;0.14;228
0.74;0.78;0.14;231
0.74;0.76;0.14;235
0.74;0.74;0.14;238
0.74;0.72;0.14;242
0.74;0.70;0.14;245
0.74;0.68;0.14;249
0.74;0.66;0.14;254
0.74;0.64;0.14;259
0.74;0.62;0.14;264
0.74;0.60;0.14;270
0.74;0.58;0.14;277
0.74;0.56;0.14;285
0.74;0.54;0.14;296
0.74;0.52;0.14;310
0.74;0.50;0.14;334
0.74;0.48;0.14;382
0.74;0.80;0.16;236
0.74;0.78;0.16;239
0.74;0.76;0.16;243
0.74;0.74;0.16;246
0.74;0.72;0.16;250
0.74;0.70;0.16;254
0.74;0.68;0.16;258
0.74;0.66;0.16;262
0.74;0.64;0.16;268
0.74;0.62;0.16;273
0.74;0.60;0.16;280
0.74;0.58;0.16;289
0.74;0.56;0.16;301
0.74;0.54;0.16;317
0.74;0.52;0.16;342
0.74;0.50;0.16;397
0.74;0.78;0.18;247
0.74;0.76;0.18;251
0.74;0.74;0.18;254
0.74;0.72;0.18;258
0.74;0.70;0.18;262
0.74;0.68;0.18;267
0.74;0.66;0.18;272
0.74;0.64;0.18;279
0.74;0.62;0.18;286
0.74;0.60;0.18;296
0.74;0.58;0.18;308
0.74;0.56;0.18;324
0.74;0.54;0.18;350
0.74;0.52;0.18;414
0.74;0.76;0.20;260
0.74;0.74;0.20;264
0.74;0.72;0.20;269
0.74;0.70;0.20;273
0.74;0.68;0.20;279
0.74;0.66;0.20;285
0.74;0.64;0.20;293
0.74;0.62;0.20;302
0.74;0.60;0.20;315
0.74;0.58;0.20;332
0.74;0.56;0.20;360
0.74;0.54;0.20;439
0.76;0.86;0.10;502
0.76;0.84;0.10;369
0.76;0.82;0.10;348
0.76;0.80;0.10;344
0.76;0.78;0.10;339
0.76;0.76;0.10;339
0.76;0.74;0.10;339
0.76;0.72;0.10;340
0.76;0.70;0.10;340
0.76;0.68;0.10;341
0.76;0.66;0.10;341
0.76;0.64;0.10;342
0.76;0.62;0.10;342
0.76;0.60;0.10;343
0.76;0.58;0.10;343
0.76;0.56;0.10;344
0.76;0.54;0.10;344
0.76;0.52;0.10;345
0.76;0.50;0.10;345
0.76;0.48;0.10;345
0.76;0.46;0.10;364
0.76;0.84;0.12;227
0.76;0.82;0.12;223
0.76;0.80;0.12;223
0.76;0.78;0.12;223
0.76;0.76;0.12;225
0.76;0.74;0.12;229
0.76;0.72;0.12;233
0.76;0.70;0.12;237
0.76;0.68;0.12;242
0.76;0.66;0.12;246
0.76;0.64;0.12;252
0.76;0.62;0.12;257
0.76;0.60;0.12;264
0.76;0.58;0.12;271
0.76;0.56;0.12;280
0.76;0.54;0.12;291
0.76;0.52;0.12;306
0.76;0.50;0.12;326
0.76;0.48;0.12;364
0.76;0.82;0.14;224
0.76;0.80;0.14;227
0.76;0.78;0.14;231
0.76;0.76;0.14;235
0.76;0.74;0.14;238
0.76;0.72;0.14;242
0.76;0.70;0.14;247
0.76;0.68;0.14;251
0.76;0.66;0.14;256
0.76;0.64;0.14;262
0.76;0.62;0.14;268
0.76;0.60;0.14;275
0.76;0.58;0.14;284
0.76;0.56;0.14;294
0.76;0.54;0.14;308
0.76;0.52;0.14;328
0.76;0.50;0.14;362
0.76;0.48;0.14;731
0.76;0.80;0.16;236
0.76;0.78;0.16;240
0.76;0.76;0.16;243
0.76;0.74;0.16;247
0.76;0.72;0.16;251
0.76;0.70;0.16;256
0.76;0.68;0.16;260
0.76;0.66;0.16;266
0.76;0.64;0.16;272
0.76;0.62;0.16;279
0.76;0.60;0.16;287
0.76;0.58;0.16;297
0.76;0.56;0.16;310
0.76;0.54;0.16;329
0.76;0.52;0.16;364
0.76;0.78;0.18;248
0.76;0.76;0.18;252
0.76;0.74;0.18;256
0.76;0.72;0.18;260
0.76;0.70;0.18;265
0.76;0.68;0.18;270
0.76;0.66;0.18;275
0.76;0.64;0.18;282
0.76;0.62;0.18;290
0.76;0.60;0.18;300
0.76;0.58;0.18;314
0.76;0.56;0.18;335
0.76;0.54;0.18;374
0.78;0.86;0.10;516
0.78;0.84;0.10;369
0.78;0.82;0.10;351
0.78;0.80;0.10;347
0.78;0.78;0.10;344
0.78;0.76;0.10;345
0.78;0.74;0.10;345
0.78;0.72;0.10;345
0.78;0.70;0.10;346
0.78;0.68;0.10;346
0.78;0.66;0.10;346
0.78;0.64;0.10;347
0.78;0.62;0.10;347
0.78;0.60;0.10;347
0.78;0.58;0.10;348
0.78;0.56;0.10;348
0.78;0.54;0.10;348
0.78;0.52;0.10;348
0.78;0.50;0.10;349
0.78;0.48;0.10;362
0.78;0.84;0.12;229
0.78;0.82;0.12;224
0.78;0.80;0.12;224
0.78;0.78;0.12;224
0.78;0.76;0.12;226
0.78;0.74;0.12;230
0.78;0.72;0.12;234
0.78;0.70;0.12;238
0.78;0.68;0.12;243
0.78;0.66;0.12;249
0.78;0.64;0.12;255
0.78;0.62;0.12;261
0.78;0.60;0.12;269
0.78;0.58;0.12;278
0.78;0.56;0.12;290
0.78;0.54;0.12;305
0.78;0.52;0.12;326
0.78;0.50;0.12;366
0.78;0.82;0.14;224
0.78;0.80;0.14;228
0.78;0.78;0.14;232
0.78;0.76;0.14;236
0.78;0.74;0.14;240
0.78;0.72;0.14;244
0.78;0.70;0.14;249
0.78;0.68;0.14;254
0.78;0.66;0.14;260
0.78;0.64;0.14;266
0.78;0.62;0.14;274
0.78;0.60;0.14;283
0.78;0.58;0.14;294
0.78;0.56;0.14;308
0.78;0.54;0.14;329
0.78;0.52;0.14;367
0.78;0.80;0.16;237
0.78;0.78;0.16;241
0.78;0.76;0.16;245
0.78;0.74;0.16;249
0.78;0.72;0.16;254
0.78;0.70;0.16;259
0.78;0.68;0.16;265
0.78;0.66;0.16;271
0.78;0.64;0.16;278
0.78;0.62;0.16;287
0.78;0.60;0.16;297
0.78;0.58;0.16;311
0.78;0.56;0.16;331
0.78;0.54;0.16;366
0.80;0.86;0.10;521
0.80;0.84;0.10;369
0.80;0.82;0.10;356
0.80;0.80;0.10;353
0.80;0.78;0.10;353
0.80;0.76;0.10;354
0.80;0.74;0.10;354
0.80;0.72;0.10;354
0.80;0.70;0.10;354
0.80;0.68;0.10;354
0.80;0.66;0.10;354
0.80;0.64;0.10;354
0.80;0.62;0.10;354
0.80;0.60;0.10;354
0.80;0.58;0.10;354
0.80;0.56;0.10;354
0.80;0.54;0.10;353
0.80;0.52;0.10;353
0.80;0.50;0.10;362
0.80;0.84;0.12;230
0.80;0.82;0.12;224
0.80;0.80;0.12;224
0.80;0.78;0.12;224
0.80;0.76;0.12;227
0.80;0.74;0.12;231
0.80;0.72;0.12;236
0.80;0.70;0.12;241
0.80;0.68;0.12;246
0.80;0.66;0.12;253
0.80;0.64;0.12;260
0.80;0.62;0.12;268
0.80;0.60;0.12;277
0.80;0.58;0.12;289
0.80;0.56;0.12;305
0.80;0.54;0.12;328
0.80;0.52;0.12;375
0.80;0.82;0.14;225
0.80;0.80;0.14;229
0.80;0.78;0.14;233
0.80;0.76;0.14;238
0.80;0.74;0.14;242
0.80;0.72;0.14;248
0.80;0.70;0.14;253
0.80;0.68;0.14;259
0.80;0.66;0.14;266
0.80;0.64;0.14;274
0.80;0.62;0.14;283
0.80;0.60;0.14;295
0.80;0.58;0.14;311
0.80;0.56;0.14;335
0.80;0.54;0.14;383
0.82;0.86;0.10;506
0.82;0.84;0.10;369
0.82;0.82;0.10;368
0.82;0.80;0.10;368
0.82;0.78;0.10;367
0.82;0.76;0.10;367
0.82;0.74;0.10;366
0.82;0.72;0.10;366
0.82;0.70;0.10;365
0.82;0.68;0.10;365
0.82;0.66;0.10;365
0.82;0.64;0.10;364
0.82;0.62;0.10;363
0.82;0.60;0.10;363
0.82;0.58;0.10;362
0.82;0.56;0.10;362
0.82;0.54;0.10;361
0.82;0.52;0.10;366
0.82;0.84;0.12;232
0.82;0.82;0.12;225
0.82;0.80;0.12;225
0.82;0.78;0.12;225
0.82;0.76;0.12;229
0.82;0.74;0.12;234
0.82;0.72;0.12;239
0.82;0.70;0.12;245
0.82;0.68;0.12;252
0.82;0.66;0.12;259
0.82;0.64;0.12;267
0.82;0.62;0.12;278
0.82;0.60;0.12;291
0.82;0.58;0.12;308
0.82;0.56;0.12;336
0.82;0.54;0.12;402
0.84;0.86;0.10;482
0.84;0.84;0.10;395
0.84;0.82;0.10;394
0.84;0.80;0.10;392
0.84;0.78;0.10;391
0.84;0.76;0.10;389
0.84;0.74;0.10;388
0.84;0.72;0.10;386
0.84;0.70;0.10;385
0.84;0.68;0.10;383
0.84;0.66;0.10;382
0.84;0.64;0.10;380
0.84;0.62;0.10;379
0.84;0.60;0.10;377
0.84;0.58;0.10;375
0.84;0.56;0.10;374
0.84;0.54;0.10;387
